KRCH,IRCH,JRCH,ISEG,IREACH,RCHLEN,STRTOP,SLOPE,STRTHICK,STRHC1,THTS,THTI,EPS,UHC
1,35,36,14,30,59,,0.033704692,1,3,0.35,0.3,3.5,0.3
1,46,41,8,23,304,,0.055743287,1,3,0.35,0.3,3.5,0.3
1,54,31,5,19,365,,0.057446642,1,3,0.35,0.3,3.5,0.3
1,57,37,36,33,169,,0.170797114,1,3,0.35,0.3,3.5,0.3
1,63,38,42,18,185,,0.102542279,1,3,0.35,0.3,3.5,0.3
1,63,38,22,21,100,,0.049623247,1,3,0.35,0.3,3.5,0.3
1,65,35,37,29,237,,0.189836175,1,3,0.35,0.3,3.5,0.3
1,55,25,26,23,90,,0.133230743,1,3,0.35,0.3,3.5,0.3
1,51,21,25,29,133,,0.135113972,1,3,0.35,0.3,3.5,0.3
1,77,28,41,1,292,,0.068364784,1,3,0.35,0.3,3.5,0.3
1,77,32,37,6,307,,0.009769082,1,3,0.35,0.3,3.5,0.3
1,76,28,41,2,283,,0.00352157,1,3,0.35,0.3,3.5,0.3
1,75,31,37,11,282,,0.028343773,1,3,0.35,0.3,3.5,0.3
1,75,41,42,1,225,,0.066544813,1,3,0.35,0.3,3.5,0.3
1,73,26,41,7,296,,0.080975644,1,3,0.35,0.3,3.5,0.3
1,73,32,37,16,281,,0.046231422,1,3,0.35,0.3,3.5,0.3
1,73,42,42,4,283,,0.0459191,1,3,0.35,0.3,3.5,0.3
1,72,26,41,8,295,,0.0001,1,3,0.35,0.3,3.5,0.3
1,72,32,37,17,283,,0.116211817,1,3,0.35,0.3,3.5,0.3
1,72,42,42,5,270,,0.04063758,1,3,0.35,0.3,3.5,0.3
1,71,26,41,9,307,,0.071639932,1,3,0.35,0.3,3.5,0.3
1,71,32,37,18,270,,0.103441112,1,3,0.35,0.3,3.5,0.3
1,71,42,42,6,258,,0.178112158,1,3,0.35,0.3,3.5,0.3
1,69,27,41,14,295,,0.189491498,1,3,0.35,0.3,3.5,0.3
1,70,32,37,19,307,,0.113972619,1,3,0.35,0.3,3.5,0.3
1,70,42,42,7,307,,0.1237417,1,3,0.35,0.3,3.5,0.3
1,69,42,42,8,283,,0.119733387,1,3,0.35,0.3,3.5,0.3
1,68,33,37,22,350,,0.074145113,1,3,0.35,0.3,3.5,0.3
1,67,18,21,1,28,,0.314591388,1,3,0.35,0.3,3.5,0.3
1,67,36,30,1,280,,0.099804688,1,3,0.35,0.3,3.5,0.3
1,67,44,22,9,272,,0.128320822,1,3,0.35,0.3,3.5,0.3
1,66,18,21,2,270,,0.49134528,1,3,0.35,0.3,3.5,0.3
1,66,22,41,24,294,,0.091627884,1,3,0.35,0.3,3.5,0.3
1,66,36,30,2,269,,0.08523956,1,3,0.35,0.3,3.5,0.3
1,66,40,42,13,295,,0.077826865,1,3,0.35,0.3,3.5,0.3
1,65,18,21,3,257,,0.501152674,1,3,0.35,0.3,3.5,0.3
1,65,22,41,25,271,,0.128893002,1,3,0.35,0.3,3.5,0.3
1,65,35,28,1,59,,0.101114073,1,3,0.35,0.3,3.5,0.3
1,65,40,42,14,320,,0.062427793,1,3,0.35,0.3,3.5,0.3
1,64,19,40,3,230,,0.099907083,1,3,0.35,0.3,3.5,0.3
1,63,21,41,28,182,,0.3239625,1,3,0.35,0.3,3.5,0.3
1,64,35,28,2,269,,0.11859417,1,3,0.35,0.3,3.5,0.3
1,63,35,28,3,259,,0.181381827,1,3,0.35,0.3,3.5,0.3
1,63,38,20,1,70,,0.085147871,1,3,0.35,0.3,3.5,0.3
1,61,36,28,6,2,,0.0001,1,3,0.35,0.3,3.5,0.3
1,61,10,38,6,157,,0.197194024,1,3,0.35,0.3,3.5,0.3
1,60,12,18,12,5,,0.0001,1,3,0.35,0.3,3.5,0.3
1,61,23,33,8,294,,0.013574501,1,3,0.35,0.3,3.5,0.3
1,60,10,38,5,271,,0.254103346,1,3,0.35,0.3,3.5,0.3
1,60,35,43,3,350,,0.059886437,1,3,0.35,0.3,3.5,0.3
1,59,10,38,4,269,,0.37060678,1,3,0.35,0.3,3.5,0.3
1,59,25,33,4,295,,0.016918884,1,3,0.35,0.3,3.5,0.3
1,59,40,1,1,157,,0.127221952,1,3,0.35,0.3,3.5,0.3
1,58,10,38,3,246,,0.445884422,1,3,0.35,0.3,3.5,0.3
1,58,25,33,3,320,,0.034335286,1,3,0.35,0.3,3.5,0.3
1,57,26,16,6,156,,0.025515286,1,3,0.35,0.3,3.5,0.3
1,55,25,34,1,206,,0.014540793,1,3,0.35,0.3,3.5,0.3
1,56,25,34,2,283,,0.074177008,1,3,0.35,0.3,3.5,0.3
1,55,29,43,16,124,,0.016109052,1,3,0.35,0.3,3.5,0.3
1,55,30,43,13,36,,0.137921306,1,3,0.35,0.3,3.5,0.3
1,55,40,36,28,165,,0.048400837,1,3,0.35,0.3,3.5,0.3
1,56,44,36,21,140,,0.085147872,1,3,0.35,0.3,3.5,0.3
1,56,52,36,5,171,,0.040881911,1,3,0.35,0.3,3.5,0.3
1,54,31,45,1,2,,0.0001,1,3,0.35,0.3,3.5,0.3
1,54,48,36,13,127,,0.15731521,1,3,0.35,0.3,3.5,0.3
1,55,48,36,14,80,,0.0001,1,3,0.35,0.3,3.5,0.3
1,54,49,36,10,5,,0.0001,1,3,0.35,0.3,3.5,0.3
1,54,24,31,7,296,,0.057357748,1,3,0.35,0.3,3.5,0.3
1,54,25,26,22,258,,0.14713613,1,3,0.35,0.3,3.5,0.3
1,53,25,26,21,269,,0.122300238,1,3,0.35,0.3,3.5,0.3
1,51,21,31,1,236,,0.084683725,1,3,0.35,0.3,3.5,0.3
1,52,25,26,20,320,,0.143583924,1,3,0.35,0.3,3.5,0.3
1,49,20,25,26,307,,0.06187085,1,3,0.35,0.3,3.5,0.3
1,49,27,26,15,295,,0.189491498,1,3,0.35,0.3,3.5,0.3
1,47,19,25,23,294,,0.064478881,1,3,0.35,0.3,3.5,0.3
1,46,41,24,4,33,,0.060108674,1,3,0.35,0.3,3.5,0.3
1,47,43,39,14,188,,0.111232583,1,3,0.35,0.3,3.5,0.3
1,46,19,25,22,283,,0.084517685,1,3,0.35,0.3,3.5,0.3
1,46,27,26,6,271,,0.173084888,1,3,0.35,0.3,3.5,0.3
1,45,19,25,21,307,,0.097418745,1,3,0.35,0.3,3.5,0.3
1,45,27,26,5,307,,0.107160619,1,3,0.35,0.3,3.5,0.3
1,45,44,39,11,259,,0.146649136,1,3,0.35,0.3,3.5,0.3
1,44,53,19,1,241,,0.033169242,1,3,0.35,0.3,3.5,0.3
1,44,27,26,4,245,,0.207449423,1,3,0.35,0.3,3.5,0.3
1,44,44,39,10,331,,0.054227703,1,3,0.35,0.3,3.5,0.3
1,43,18,25,18,308,,0.032382728,1,3,0.35,0.3,3.5,0.3
1,43,27,26,3,307,,0.256536027,1,3,0.35,0.3,3.5,0.3
1,43,41,8,16,259,,0.023155127,1,3,0.35,0.3,3.5,0.3
1,41,18,25,16,282,,0.216121268,1,3,0.35,0.3,3.5,0.3
1,42,18,25,17,283,,0.120096109,1,3,0.35,0.3,3.5,0.3
1,41,27,26,1,2,,0.0001,1,3,0.35,0.3,3.5,0.3
1,42,27,26,2,269,,0.285367222,1,3,0.35,0.3,3.5,0.3
1,42,45,39,7,320,,0.08427752,1,3,0.35,0.3,3.5,0.3
1,41,55,44,1,33,,0.326313896,1,3,0.35,0.3,3.5,0.3
1,42,55,44,2,319,,0.037557218,1,3,0.35,0.3,3.5,0.3
1,40,40,8,10,272,,0.069605714,1,3,0.35,0.3,3.5,0.3
1,39,19,25,13,314,,0.05091361,1,3,0.35,0.3,3.5,0.3
1,39,39,8,8,307,,0.061698538,1,3,0.35,0.3,3.5,0.3
1,37,20,25,10,295,,0.12519974,1,3,0.35,0.3,3.5,0.3
1,36,20,25,9,296,,0.192317154,1,3,0.35,0.3,3.5,0.3
1,35,36,8,1,236,,0.055040701,1,3,0.35,0.3,3.5,0.3
1,35,35,27,30,75,,0.0395091,1,3,0.35,0.3,3.5,0.3
1,33,23,25,1,223,,0.031282445,1,3,0.35,0.3,3.5,0.3
1,34,35,27,29,283,,0.049301983,1,3,0.35,0.3,3.5,0.3
1,33,35,27,28,270,,0.114524088,1,3,0.35,0.3,3.5,0.3
1,32,35,27,27,294,,0.030542628,1,3,0.35,0.3,3.5,0.3
1,30,36,27,22,283,,0.0001,1,3,0.35,0.3,3.5,0.3
1,29,36,27,21,294,,0.044117129,1,3,0.35,0.3,3.5,0.3
1,28,36,27,20,283,,0.024650991,1,3,0.35,0.3,3.5,0.3
1,27,50,14,6,307,,0.107160619,1,3,0.35,0.3,3.5,0.3
1,26,35,27,17,296,,0.043861807,1,3,0.35,0.3,3.5,0.3
1,26,50,14,5,283,,0.098603965,1,3,0.35,0.3,3.5,0.3
1,24,35,27,15,231,,0.004321139,1,3,0.35,0.3,3.5,0.3
1,25,35,27,16,294,,0.122170512,1,3,0.35,0.3,3.5,0.3
1,25,50,14,4,295,,0.043989098,1,3,0.35,0.3,3.5,0.3
1,24,50,14,3,350,,0.0001,1,3,0.35,0.3,3.5,0.3
1,23,51,13,3,168,,0.005946047,1,3,0.35,0.3,3.5,0.3
1,23,36,27,13,307,,0.058451247,1,3,0.35,0.3,3.5,0.3
1,22,51,7,1,32,,0.365272041,1,3,0.35,0.3,3.5,0.3
1,23,51,7,2,188,,0.323104171,1,3,0.35,0.3,3.5,0.3
1,20,39,27,7,295,,0.023686437,1,3,0.35,0.3,3.5,0.3
1,17,42,27,1,149,,0.013344919,1,3,0.35,0.3,3.5,0.3
1,17,42,23,3,218,,0.009146355,1,3,0.35,0.3,3.5,0.3
1,15,42,23,1,33,,0.0001,1,3,0.35,0.3,3.5,0.3
1,16,42,23,2,350,,0.034220821,1,3,0.35,0.3,3.5,0.3
1,15,42,10,7,317,,0.088219364,1,3,0.35,0.3,3.5,0.3
1,14,48,15,1,179,,0.0001,1,3,0.35,0.3,3.5,0.3
1,13,49,3,1,45,,0.044176044,1,3,0.35,0.3,3.5,0.3
1,13,41,10,4,270,,0.192104921,1,3,0.35,0.3,3.5,0.3
1,12,46,6,1,242,,0.181760441,1,3,0.35,0.3,3.5,0.3
1,13,46,6,2,320,,0.012485559,1,3,0.35,0.3,3.5,0.3
1,11,40,10,1,120,,0.199978341,1,3,0.35,0.3,3.5,0.3
1,10,40,9,1,2,,0.0001,1,3,0.35,0.3,3.5,0.3
1,11,40,9,2,163,,0.158583733,1,3,0.35,0.3,3.5,0.3
1,61,5,32,6,122,,0.0001,1,3,0.35,0.3,3.5,0.3
1,61,6,32,5,257,,0.031078927,1,3,0.35,0.3,3.5,0.3
1,61,7,32,4,255,,0.058775909,1,3,0.35,0.3,3.5,0.3
1,61,8,32,3,280,,0.017798499,1,3,0.35,0.3,3.5,0.3
1,61,10,32,1,37,,0.0001,1,3,0.35,0.3,3.5,0.3
1,61,9,32,2,265,,0.037613493,1,3,0.35,0.3,3.5,0.3
1,57,9,38,1,66,,0.225597207,1,3,0.35,0.3,3.5,0.3
1,57,10,38,2,9,,0.0001,1,3,0.35,0.3,3.5,0.3
1,61,10,18,15,230,,0.060769362,1,3,0.35,0.3,3.5,0.3
1,61,12,18,13,47,,0.105121898,1,3,0.35,0.3,3.5,0.3
1,61,11,18,14,280,,0.046276097,1,3,0.35,0.3,3.5,0.3
1,61,13,18,10,145,,0.089484135,1,3,0.35,0.3,3.5,0.3
1,61,12,18,11,265,,0.0001,1,3,0.35,0.3,3.5,0.3
1,62,13,18,9,212,,0.061272573,1,3,0.35,0.3,3.5,0.3
1,62,14,18,8,242,,0.024757723,1,3,0.35,0.3,3.5,0.3
1,62,16,18,6,9,,0.0001,1,3,0.35,0.3,3.5,0.3
1,62,15,18,7,304,,0.006569525,1,3,0.35,0.3,3.5,0.3
1,63,17,18,4,83,,0.0001,1,3,0.35,0.3,3.5,0.3
1,63,16,18,5,340,,0.061635398,1,3,0.35,0.3,3.5,0.3
1,64,17,18,3,212,,0.061272573,1,3,0.35,0.3,3.5,0.3
1,64,18,21,4,38,,0.283949426,1,3,0.35,0.3,3.5,0.3
1,64,19,21,5,14,,0.0001,1,3,0.35,0.3,3.5,0.3
1,64,18,21,6,71,,0.279643595,1,3,0.35,0.3,3.5,0.3
1,64,19,21,7,50,,0.19785009,1,3,0.35,0.3,3.5,0.3
1,52,18,35,1,256,,0.109334334,1,3,0.35,0.3,3.5,0.3
1,44,18,25,19,253,,0.027607691,1,3,0.35,0.3,3.5,0.3
1,44,19,25,20,126,,0.079021958,1,3,0.35,0.3,3.5,0.3
1,40,19,25,14,231,,0.112094999,1,3,0.35,0.3,3.5,0.3
1,40,18,25,15,38,,0.180695084,1,3,0.35,0.3,3.5,0.3
1,63,20,40,1,299,,0.02003964,1,3,0.35,0.3,3.5,0.3
1,63,19,40,2,28,,0.106822961,1,3,0.35,0.3,3.5,0.3
1,52,19,35,2,306,,0.048917531,1,3,0.35,0.3,3.5,0.3
1,52,20,35,3,47,,0.105121901,1,3,0.35,0.3,3.5,0.3
1,48,19,25,24,180,,0.127096372,1,3,0.35,0.3,3.5,0.3
1,48,20,25,25,158,,0.082208171,1,3,0.35,0.3,3.5,0.3
1,38,20,25,11,121,,0.074107151,1,3,0.35,0.3,3.5,0.3
1,38,19,25,12,185,,0.166984896,1,3,0.35,0.3,3.5,0.3
1,63,21,33,12,161,,0.037046645,1,3,0.35,0.3,3.5,0.3
1,63,20,33,13,25,,0.11950115,1,3,0.35,0.3,3.5,0.3
1,51,20,35,4,246,,0.081229251,1,3,0.35,0.3,3.5,0.3
1,51,21,35,5,50,,0.019785009,1,3,0.35,0.3,3.5,0.3
1,50,20,25,27,181,,0.038588362,1,3,0.35,0.3,3.5,0.3
1,50,21,25,28,101,,0.157318124,1,3,0.35,0.3,3.5,0.3
1,35,20,25,6,71,,0.027964359,1,3,0.35,0.3,3.5,0.3
1,35,21,25,7,45,,0.0001,1,3,0.35,0.3,3.5,0.3
1,35,20,25,8,142,,0.028071363,1,3,0.35,0.3,3.5,0.3
1,64,22,41,26,157,,0.375133158,1,3,0.35,0.3,3.5,0.3
1,64,21,41,27,180,,0.552592918,1,3,0.35,0.3,3.5,0.3
1,62,21,33,11,142,,0.021055881,1,3,0.35,0.3,3.5,0.3
1,52,21,31,2,32,,0.18303669,1,3,0.35,0.3,3.5,0.3
1,35,22,25,4,164,,0.042641189,1,3,0.35,0.3,3.5,0.3
1,35,21,25,5,293,,0.190618472,1,3,0.35,0.3,3.5,0.3
1,67,23,41,22,45,,0.176361835,1,3,0.35,0.3,3.5,0.3
1,67,22,41,23,317,,0.151324145,1,3,0.35,0.3,3.5,0.3
1,62,23,33,9,36,,0.138887747,1,3,0.35,0.3,3.5,0.3
1,62,22,33,10,306,,0.075006881,1,3,0.35,0.3,3.5,0.3
1,52,22,31,3,295,,0.070949998,1,3,0.35,0.3,3.5,0.3
1,52,23,31,4,137,,0.094460689,1,3,0.35,0.3,3.5,0.3
1,34,23,25,2,109,,0.0001,1,3,0.35,0.3,3.5,0.3
1,34,22,25,3,198,,0.0001,1,3,0.35,0.3,3.5,0.3
1,66,24,41,20,241,,0.1657261,1,3,0.35,0.3,3.5,0.3
1,66,23,41,21,235,,0.161316834,1,3,0.35,0.3,3.5,0.3
1,60,23,33,7,129,,0.015429715,1,3,0.35,0.3,3.5,0.3
1,53,23,31,5,205,,0.073033018,1,3,0.35,0.3,3.5,0.3
1,53,24,31,6,126,,0.071119762,1,3,0.35,0.3,3.5,0.3
1,67,24,41,19,106,,0.065627713,1,3,0.35,0.3,3.5,0.3
1,60,25,33,5,4,,0.0001,1,3,0.35,0.3,3.5,0.3
1,60,24,33,6,350,,0.077092879,1,3,0.35,0.3,3.5,0.3
1,55,24,31,8,75,,0.1185273,1,3,0.35,0.3,3.5,0.3
1,55,25,31,9,80,,0.111335301,1,3,0.35,0.3,3.5,0.3
1,67,26,41,17,187,,0.143957696,1,3,0.35,0.3,3.5,0.3
1,67,25,41,18,280,,0.167305889,1,3,0.35,0.3,3.5,0.3
1,57,25,34,3,119,,0.142757051,1,3,0.35,0.3,3.5,0.3
1,57,26,34,4,7,,0.0001,1,3,0.35,0.3,3.5,0.3
1,51,26,26,18,343,,0.160314503,1,3,0.35,0.3,3.5,0.3
1,51,25,26,19,38,,0.154881501,1,3,0.35,0.3,3.5,0.3
1,74,27,41,5,185,,0.043059516,1,3,0.35,0.3,3.5,0.3
1,74,26,41,6,286,,0.020911588,1,3,0.35,0.3,3.5,0.3
1,70,26,41,10,69,,0.0001,1,3,0.35,0.3,3.5,0.3
1,70,27,41,11,45,,0.0001,1,3,0.35,0.3,3.5,0.3
1,70,26,41,12,71,,0.027964359,1,3,0.35,0.3,3.5,0.3
1,70,27,41,13,177,,0.146877295,1,3,0.35,0.3,3.5,0.3
1,68,27,41,15,244,,0.171822534,1,3,0.35,0.3,3.5,0.3
1,68,26,41,16,106,,0.207106673,1,3,0.35,0.3,3.5,0.3
1,56,26,16,5,144,,0.055294233,1,3,0.35,0.3,3.5,0.3
1,50,27,26,16,153,,0.150293596,1,3,0.35,0.3,3.5,0.3
1,50,26,26,17,154,,0.122647784,1,3,0.35,0.3,3.5,0.3
1,48,27,26,10,4,,0.0001,1,3,0.35,0.3,3.5,0.3
1,48,26,26,11,71,,0.069910899,1,3,0.35,0.3,3.5,0.3
1,48,27,26,12,14,,0.0001,1,3,0.35,0.3,3.5,0.3
1,48,26,26,13,194,,0.16457423,1,3,0.35,0.3,3.5,0.3
1,47,27,26,7,238,,0.163536224,1,3,0.35,0.3,3.5,0.3
1,47,26,26,8,71,,0.097875258,1,3,0.35,0.3,3.5,0.3
1,47,27,26,9,10,,0.0001,1,3,0.35,0.3,3.5,0.3
1,75,28,41,3,154,,0.00646671,1,3,0.35,0.3,3.5,0.3
1,75,27,41,4,255,,0.023459945,1,3,0.35,0.3,3.5,0.3
1,56,27,16,4,324,,0.049304964,1,3,0.35,0.3,3.5,0.3
1,56,28,16,3,268,,0.022382666,1,3,0.35,0.3,3.5,0.3
1,56,30,43,14,47,,0.08409752,1,3,0.35,0.3,3.5,0.3
1,56,29,43,15,32,,0.06101223,1,3,0.35,0.3,3.5,0.3
1,55,29,45,4,228,,0.052529978,1,3,0.35,0.3,3.5,0.3
1,56,30,43,12,222,,0.044878842,1,3,0.35,0.3,3.5,0.3
1,55,31,45,2,75,,0.013217921,1,3,0.35,0.3,3.5,0.3
1,55,30,45,3,268,,0.067147997,1,3,0.35,0.3,3.5,0.3
1,78,32,37,3,8,,0.0001,1,3,0.35,0.3,3.5,0.3
1,78,31,37,4,324,,0.024631456,1,3,0.35,0.3,3.5,0.3
1,78,32,37,5,79,,0.0001,1,3,0.35,0.3,3.5,0.3
1,76,32,37,7,10,,0.0001,1,3,0.35,0.3,3.5,0.3
1,76,31,37,8,71,,0.0001,1,3,0.35,0.3,3.5,0.3
1,76,32,37,9,131,,0.0001,1,3,0.35,0.3,3.5,0.3
1,76,31,37,10,107,,0.018601207,1,3,0.35,0.3,3.5,0.3
1,74,31,37,12,99,,0.0001,1,3,0.35,0.3,3.5,0.3
1,74,32,37,13,76,,0.039347215,1,3,0.35,0.3,3.5,0.3
1,74,31,37,14,205,,0.004868868,1,3,0.35,0.3,3.5,0.3
1,73,31,37,15,69,,0.01439477,1,3,0.35,0.3,3.5,0.3
1,56,32,43,10,51,,0.097427396,1,3,0.35,0.3,3.5,0.3
1,56,31,43,11,308,,0.058282403,1,3,0.35,0.3,3.5,0.3
1,53,32,5,17,182,,0.065607279,1,3,0.35,0.3,3.5,0.3
1,53,31,5,18,100,,0.039920137,1,3,0.35,0.3,3.5,0.3
1,79,33,37,1,96,,0.041636329,1,3,0.35,0.3,3.5,0.3
1,79,32,37,2,372,,0.002682486,1,3,0.35,0.3,3.5,0.3
1,69,32,37,20,315,,0.053804643,1,3,0.35,0.3,3.5,0.3
1,69,33,37,21,4,,0.0001,1,3,0.35,0.3,3.5,0.3
1,57,33,43,8,261,,0.065025215,1,3,0.35,0.3,3.5,0.3
1,57,32,43,9,278,,0.060968679,1,3,0.35,0.3,3.5,0.3
1,55,32,29,8,280,,0.121029792,1,3,0.35,0.3,3.5,0.3
1,52,32,5,16,192,,0.062366911,1,3,0.35,0.3,3.5,0.3
1,67,33,37,23,69,,0.057579081,1,3,0.35,0.3,3.5,0.3
1,67,34,37,24,214,,0.195809159,1,3,0.35,0.3,3.5,0.3
1,66,34,37,25,9,,0.0001,1,3,0.35,0.3,3.5,0.3
1,66,33,37,26,71,,0.0001,1,3,0.35,0.3,3.5,0.3
1,58,34,43,6,188,,0.047652956,1,3,0.35,0.3,3.5,0.3
1,58,33,43,7,106,,0.112504652,1,3,0.35,0.3,3.5,0.3
1,55,34,29,6,51,,0.0001,1,3,0.35,0.3,3.5,0.3
1,55,33,29,7,255,,0.101878243,1,3,0.35,0.3,3.5,0.3
1,52,34,5,14,45,,0.06613569,1,3,0.35,0.3,3.5,0.3
1,52,33,5,15,337,,0.065210513,1,3,0.35,0.3,3.5,0.3
1,66,34,37,27,319,,0.122067058,1,3,0.35,0.3,3.5,0.3
1,66,35,37,28,4,,0.0001,1,3,0.35,0.3,3.5,0.3
1,59,35,43,4,40,,0.27050406,1,3,0.35,0.3,3.5,0.3
1,59,34,43,5,309,,0.058064726,1,3,0.35,0.3,3.5,0.3
1,56,35,29,4,228,,0.096278352,1,3,0.35,0.3,3.5,0.3
1,56,34,29,5,286,,0.08739772,1,3,0.35,0.3,3.5,0.3
1,51,35,5,12,78,,0.114951029,1,3,0.35,0.3,3.5,0.3
1,51,34,5,13,302,,0.069384084,1,3,0.35,0.3,3.5,0.3
1,65,36,30,3,114,,0.096398244,1,3,0.35,0.3,3.5,0.3
1,65,35,30,4,195,,0.158207767,1,3,0.35,0.3,3.5,0.3
1,62,35,28,4,37,,0.052796015,1,3,0.35,0.3,3.5,0.3
1,62,36,28,5,287,,0.135445025,1,3,0.35,0.3,3.5,0.3
1,61,36,43,1,269,,0.059262199,1,3,0.35,0.3,3.5,0.3
1,61,35,43,2,65,,0.03063893,1,3,0.35,0.3,3.5,0.3
1,57,35,29,3,75,,0.0921879,1,3,0.35,0.3,3.5,0.3
1,50,36,5,10,295,,0.057435713,1,3,0.35,0.3,3.5,0.3
1,50,35,5,11,259,,0.030879124,1,3,0.35,0.3,3.5,0.3
1,35,36,27,31,7,,0.0001,1,3,0.35,0.3,3.5,0.3
1,31,36,27,23,4,,0.0001,1,3,0.35,0.3,3.5,0.3
1,31,35,27,24,163,,0.0001,1,3,0.35,0.3,3.5,0.3
1,31,36,27,25,76,,0.0001,1,3,0.35,0.3,3.5,0.3
1,31,35,27,26,38,,0.0001,1,3,0.35,0.3,3.5,0.3
1,27,35,27,18,266,,0.02997969,1,3,0.35,0.3,3.5,0.3
1,27,36,27,19,40,,0.0001,1,3,0.35,0.3,3.5,0.3
1,24,36,27,14,193,,0.005177989,1,3,0.35,0.3,3.5,0.3
1,57,37,29,1,96,,0.072863576,1,3,0.35,0.3,3.5,0.3
1,57,36,29,2,270,,0.122101421,1,3,0.35,0.3,3.5,0.3
1,50,37,5,9,235,,0.072216544,1,3,0.35,0.3,3.5,0.3
1,36,36,8,2,254,,0.051098585,1,3,0.35,0.3,3.5,0.3
1,36,37,8,3,230,,0.021672543,1,3,0.35,0.3,3.5,0.3
1,34,37,14,28,4,,0.0001,1,3,0.35,0.3,3.5,0.3
1,34,36,14,29,418,,0.083651583,1,3,0.35,0.3,3.5,0.3
1,22,36,27,12,81,,0.061056877,1,3,0.35,0.3,3.5,0.3
1,62,38,20,2,96,,0.082752028,1,3,0.35,0.3,3.5,0.3
1,62,37,20,3,317,,0.081942936,1,3,0.35,0.3,3.5,0.3
1,57,38,1,5,51,,0.253311236,1,3,0.35,0.3,3.5,0.3
1,57,37,1,6,184,,0.14065259,1,3,0.35,0.3,3.5,0.3
1,49,38,5,7,310,,0.067707279,1,3,0.35,0.3,3.5,0.3
1,49,37,5,8,58,,0.137039266,1,3,0.35,0.3,3.5,0.3
1,37,37,8,4,75,,0.0263394,1,3,0.35,0.3,3.5,0.3
1,37,38,8,5,262,,0.060996379,1,3,0.35,0.3,3.5,0.3
1,33,37,14,27,289,,0.02764643,1,3,0.35,0.3,3.5,0.3
1,22,38,27,10,90,,0.0001,1,3,0.35,0.3,3.5,0.3
1,22,37,27,11,319,,0.03442917,1,3,0.35,0.3,3.5,0.3
1,63,39,42,17,167,,0.05359792,1,3,0.35,0.3,3.5,0.3
1,62,39,22,19,68,,0.087265289,1,3,0.35,0.3,3.5,0.3
1,58,38,1,4,253,,0.110621336,1,3,0.35,0.3,3.5,0.3
1,56,38,36,31,230,,0.138537932,1,3,0.35,0.3,3.5,0.3
1,48,38,5,6,101,,0.0001,1,3,0.35,0.3,3.5,0.3
1,38,38,8,6,138,,0.043252106,1,3,0.35,0.3,3.5,0.3
1,38,39,8,7,254,,0.062829636,1,3,0.35,0.3,3.5,0.3
1,33,38,14,26,257,,0.007769732,1,3,0.35,0.3,3.5,0.3
1,21,39,27,8,226,,0.0001,1,3,0.35,0.3,3.5,0.3
1,21,38,27,9,228,,0.0001,1,3,0.35,0.3,3.5,0.3
1,64,40,42,15,9,,0.0001,1,3,0.35,0.3,3.5,0.3
1,64,39,42,16,285,,0.108712224,1,3,0.35,0.3,3.5,0.3
1,63,40,22,17,114,,0.130453419,1,3,0.35,0.3,3.5,0.3
1,63,39,22,18,235,,0.093346858,1,3,0.35,0.3,3.5,0.3
1,58,40,1,2,101,,0.187650653,1,3,0.35,0.3,3.5,0.3
1,58,39,1,3,319,,0.115807209,1,3,0.35,0.3,3.5,0.3
1,56,40,36,29,206,,0.145346023,1,3,0.35,0.3,3.5,0.3
1,56,39,36,30,280,,0.131708891,1,3,0.35,0.3,3.5,0.3
1,48,40,5,4,47,,0.0001,1,3,0.35,0.3,3.5,0.3
1,48,39,5,5,353,,0.096306702,1,3,0.35,0.3,3.5,0.3
1,40,39,8,9,65,,0.015319465,1,3,0.35,0.3,3.5,0.3
1,33,39,14,25,280,,0.124589492,1,3,0.35,0.3,3.5,0.3
1,19,39,27,6,197,,0.020239852,1,3,0.35,0.3,3.5,0.3
1,67,41,42,11,10,,0.0001,1,3,0.35,0.3,3.5,0.3
1,67,40,42,12,328,,0.115596764,1,3,0.35,0.3,3.5,0.3
1,64,41,22,15,127,,0.023547003,1,3,0.35,0.3,3.5,0.3
1,64,40,22,16,265,,0.090234482,1,3,0.35,0.3,3.5,0.3
1,56,40,36,27,32,,0.0001,1,3,0.35,0.3,3.5,0.3
1,47,40,5,3,348,,0.017218917,1,3,0.35,0.3,3.5,0.3
1,42,40,8,14,32,,0.091518345,1,3,0.35,0.3,3.5,0.3
1,42,41,8,15,286,,0.041850902,1,3,0.35,0.3,3.5,0.3
1,41,40,8,11,279,,0.017903917,1,3,0.35,0.3,3.5,0.3
1,41,41,8,12,14,,0.0001,1,3,0.35,0.3,3.5,0.3
1,41,40,8,13,38,,0.07744075,1,3,0.35,0.3,3.5,0.3
1,33,41,14,23,342,,0.058442282,1,3,0.35,0.3,3.5,0.3
1,33,40,14,24,304,,0.022993339,1,3,0.35,0.3,3.5,0.3
1,19,41,27,4,88,,0.158169134,1,3,0.35,0.3,3.5,0.3
1,19,40,27,5,270,,0.033300387,1,3,0.35,0.3,3.5,0.3
1,12,40,10,2,211,,0.141995314,1,3,0.35,0.3,3.5,0.3
1,12,41,10,3,84,,0.023737973,1,3,0.35,0.3,3.5,0.3
1,11,41,4,5,164,,0.340224235,1,3,0.35,0.3,3.5,0.3
1,11,40,4,6,35,,0.055928718,1,3,0.35,0.3,3.5,0.3
1,74,41,42,2,37,,0.237582073,1,3,0.35,0.3,3.5,0.3
1,74,42,42,3,270,,0.055541711,1,3,0.35,0.3,3.5,0.3
1,68,42,42,9,40,,0.149090614,1,3,0.35,0.3,3.5,0.3
1,68,41,42,10,321,,0.121124311,1,3,0.35,0.3,3.5,0.3
1,65,42,22,13,53,,0.130785368,1,3,0.35,0.3,3.5,0.3
1,65,41,22,14,279,,0.060873317,1,3,0.35,0.3,3.5,0.3
1,56,41,36,26,270,,0.13320155,1,3,0.35,0.3,3.5,0.3
1,47,41,24,3,179,,0.077920377,1,3,0.35,0.3,3.5,0.3
1,45,41,8,20,32,,0.0001,1,3,0.35,0.3,3.5,0.3
1,45,42,8,21,106,,0.009348008,1,3,0.35,0.3,3.5,0.3
1,45,41,8,22,130,,0.145115223,1,3,0.35,0.3,3.5,0.3
1,44,41,8,17,223,,0.040233217,1,3,0.35,0.3,3.5,0.3
1,44,42,8,18,14,,0.0001,1,3,0.35,0.3,3.5,0.3
1,44,41,8,19,69,,0.0001,1,3,0.35,0.3,3.5,0.3
1,32,42,14,21,66,,0.164841729,1,3,0.35,0.3,3.5,0.3
1,32,41,14,22,217,,0.147306888,1,3,0.35,0.3,3.5,0.3
1,31,42,14,18,250,,0.027899511,1,3,0.35,0.3,3.5,0.3
1,31,41,14,19,71,,0.041946539,1,3,0.35,0.3,3.5,0.3
1,31,42,14,20,9,,0.0001,1,3,0.35,0.3,3.5,0.3
1,18,42,27,2,45,,0.088180925,1,3,0.35,0.3,3.5,0.3
1,18,41,27,3,391,,0.04596462,1,3,0.35,0.3,3.5,0.3
1,14,41,10,5,236,,0.084703793,1,3,0.35,0.3,3.5,0.3
1,14,42,10,6,96,,0.062064018,1,3,0.35,0.3,3.5,0.3
1,10,42,4,3,226,,0.0001,1,3,0.35,0.3,3.5,0.3
1,10,41,4,4,242,,0.066094967,1,3,0.35,0.3,3.5,0.3
1,66,42,22,12,265,,0.131591952,1,3,0.35,0.3,3.5,0.3
1,56,43,36,24,227,,0.061640677,1,3,0.35,0.3,3.5,0.3
1,56,42,36,25,293,,0.091905335,1,3,0.35,0.3,3.5,0.3
1,47,43,24,1,169,,0.05309262,1,3,0.35,0.3,3.5,0.3
1,47,42,24,2,283,,0.113024239,1,3,0.35,0.3,3.5,0.3
1,30,43,14,16,299,,0.070119842,1,3,0.35,0.3,3.5,0.3
1,30,42,14,17,125,,0.071975576,1,3,0.35,0.3,3.5,0.3
1,17,42,17,8,109,,0.091570947,1,3,0.35,0.3,3.5,0.3
1,15,42,6,8,66,,0.0001,1,3,0.35,0.3,3.5,0.3
1,9,43,4,1,139,,0.07901078,1,3,0.35,0.3,3.5,0.3
1,9,42,4,2,100,,0.009933313,1,3,0.35,0.3,3.5,0.3
1,66,44,22,10,10,,0.0001,1,3,0.35,0.3,3.5,0.3
1,66,43,22,11,306,,0.088051556,1,3,0.35,0.3,3.5,0.3
1,55,44,36,22,38,,0.051998993,1,3,0.35,0.3,3.5,0.3
1,55,43,36,23,28,,0.035607652,1,3,0.35,0.3,3.5,0.3
1,47,43,19,14,85,,0.081688367,1,3,0.35,0.3,3.5,0.3
1,46,44,39,12,78,,0.07663402,1,3,0.35,0.3,3.5,0.3
1,46,43,39,13,203,,0.225540239,1,3,0.35,0.3,3.5,0.3
1,29,44,14,14,344,,0.017412205,1,3,0.35,0.3,3.5,0.3
1,29,43,14,15,37,,0.0001,1,3,0.35,0.3,3.5,0.3
1,17,43,17,7,350,,0.102790505,1,3,0.35,0.3,3.5,0.3
1,15,44,6,6,250,,0.171681603,1,3,0.35,0.3,3.5,0.3
1,15,43,6,7,337,,0.071138741,1,3,0.35,0.3,3.5,0.3
1,55,45,36,19,253,,0.106717655,1,3,0.35,0.3,3.5,0.3
1,55,44,36,20,88,,0.078943505,1,3,0.35,0.3,3.5,0.3
1,47,44,19,13,280,,0.15306709,1,3,0.35,0.3,3.5,0.3
1,43,45,39,8,226,,0.088138443,1,3,0.35,0.3,3.5,0.3
1,43,44,39,9,69,,0.302290168,1,3,0.35,0.3,3.5,0.3
1,17,45,17,5,240,,0.183014937,1,3,0.35,0.3,3.5,0.3
1,17,44,17,6,270,,0.08510099,1,3,0.35,0.3,3.5,0.3
1,14,44,6,5,174,,0.155099318,1,3,0.35,0.3,3.5,0.3
1,67,46,22,7,181,,0.143174864,1,3,0.35,0.3,3.5,0.3
1,67,45,22,8,253,,0.106717655,1,3,0.35,0.3,3.5,0.3
1,47,45,19,12,304,,0.088688593,1,3,0.35,0.3,3.5,0.3
1,41,46,39,5,281,,0.138694268,1,3,0.35,0.3,3.5,0.3
1,41,45,39,6,68,,0.072873518,1,3,0.35,0.3,3.5,0.3
1,29,45,14,13,291,,0.0001,1,3,0.35,0.3,3.5,0.3
1,16,46,17,3,238,,0.0001,1,3,0.35,0.3,3.5,0.3
1,16,45,17,4,81,,0.109902379,1,3,0.35,0.3,3.5,0.3
1,14,46,6,3,79,,0.0001,1,3,0.35,0.3,3.5,0.3
1,14,45,6,4,255,,0.258614,1,3,0.35,0.3,3.5,0.3
1,66,46,22,6,125,,0.063978291,1,3,0.35,0.3,3.5,0.3
1,55,47,36,17,192,,0.020806073,1,3,0.35,0.3,3.5,0.3
1,55,46,36,18,295,,0.070949998,1,3,0.35,0.3,3.5,0.3
1,47,46,19,11,311,,0.067382645,1,3,0.35,0.3,3.5,0.3
1,40,47,39,3,291,,0.102792717,1,3,0.35,0.3,3.5,0.3
1,40,46,39,4,71,,0.014037962,1,3,0.35,0.3,3.5,0.3
1,29,46,14,12,295,,0.033785714,1,3,0.35,0.3,3.5,0.3
1,15,47,17,1,268,,0.0001,1,3,0.35,0.3,3.5,0.3
1,15,46,17,2,261,,0.026746748,1,3,0.35,0.3,3.5,0.3
1,66,48,22,4,183,,0.049092504,1,3,0.35,0.3,3.5,0.3
1,66,47,22,5,280,,0.092552194,1,3,0.35,0.3,3.5,0.3
1,54,48,36,15,8,,0.0001,1,3,0.35,0.3,3.5,0.3
1,54,47,36,16,88,,0.112776436,1,3,0.35,0.3,3.5,0.3
1,47,47,19,10,270,,0.074000861,1,3,0.35,0.3,3.5,0.3
1,39,48,39,1,154,,0.064633371,1,3,0.35,0.3,3.5,0.3
1,39,47,39,2,69,,0.28971705,1,3,0.35,0.3,3.5,0.3
1,29,48,14,10,269,,0.033433176,1,3,0.35,0.3,3.5,0.3
1,29,47,14,11,365,,0.01913108,1,3,0.35,0.3,3.5,0.3
1,15,48,12,1,258,,0.05813486,1,3,0.35,0.3,3.5,0.3
1,15,47,12,2,152,,0.065447893,1,3,0.35,0.3,3.5,0.3
1,65,48,22,3,197,,0.075899444,1,3,0.35,0.3,3.5,0.3
1,55,49,36,11,75,,0.118961287,1,3,0.35,0.3,3.5,0.3
1,55,48,36,12,65,,0.03063893,1,3,0.35,0.3,3.5,0.3
1,47,49,19,8,47,,0.0001,1,3,0.35,0.3,3.5,0.3
1,47,48,19,9,291,,0.07888112,1,3,0.35,0.3,3.5,0.3
1,28,48,14,9,101,,0.029671199,1,3,0.35,0.3,3.5,0.3
1,15,49,11,1,108,,0.128525346,1,3,0.35,0.3,3.5,0.3
1,14,49,3,2,275,,0.44643097,1,3,0.35,0.3,3.5,0.3
1,14,48,3,3,66,,0.302785409,1,3,0.35,0.3,3.5,0.3
1,65,50,22,1,225,,0.084248004,1,3,0.35,0.3,3.5,0.3
1,65,49,22,2,270,,0.040700474,1,3,0.35,0.3,3.5,0.3
1,55,49,36,9,209,,0.023813587,1,3,0.35,0.3,3.5,0.3
1,46,50,19,6,297,,0.060548014,1,3,0.35,0.3,3.5,0.3
1,46,49,19,7,292,,0.071915929,1,3,0.35,0.3,3.5,0.3
1,28,50,14,7,192,,0.08842581,1,3,0.35,0.3,3.5,0.3
1,28,49,14,8,280,,0.181544688,1,3,0.35,0.3,3.5,0.3
1,55,50,36,8,270,,0.03700043,1,3,0.35,0.3,3.5,0.3
1,45,50,19,5,68,,0.131172332,1,3,0.35,0.3,3.5,0.3
1,23,51,14,1,111,,0.0001,1,3,0.35,0.3,3.5,0.3
1,23,50,14,2,81,,0.0001,1,3,0.35,0.3,3.5,0.3
1,55,52,36,6,68,,0.058176859,1,3,0.35,0.3,3.5,0.3
1,55,51,36,7,280,,0.106790993,1,3,0.35,0.3,3.5,0.3
1,45,51,19,4,293,,0.047654618,1,3,0.35,0.3,3.5,0.3
1,24,52,13,1,7,,0.0001,1,3,0.35,0.3,3.5,0.3
1,24,51,13,2,75,,0.026339401,1,3,0.35,0.3,3.5,0.3
1,55,53,36,3,68,,0.02908843,1,3,0.35,0.3,3.5,0.3
1,55,52,36,4,28,,0.035607652,1,3,0.35,0.3,3.5,0.3
1,45,53,19,2,47,,0.0001,1,3,0.35,0.3,3.5,0.3
1,45,52,19,3,280,,0.078313395,1,3,0.35,0.3,3.5,0.3
1,56,54,36,1,164,,0.006062904,1,3,0.35,0.3,3.5,0.3
1,56,53,36,2,225,,0.053327481,1,3,0.35,0.3,3.5,0.3
1,44,54,2,3,96,,0.0001,1,3,0.35,0.3,3.5,0.3
1,44,53,2,4,35,,0.083893077,1,3,0.35,0.3,3.5,0.3
1,45,55,2,1,7,,0.0001,1,3,0.35,0.3,3.5,0.3
1,45,54,2,2,222,,0.116684988,1,3,0.35,0.3,3.5,0.3
1,43,55,44,3,152,,0.065532091,1,3,0.35,0.3,3.5,0.3
1,43,54,44,4,216,,0.032288306,1,3,0.35,0.3,3.5,0.3
1,62,38,22,20,28,,0.035607652,1,3,0.35,0.3,3.5,0.3
1,62,36,20,4,182,,0.087762633,1,3,0.35,0.3,3.5,0.3
1,61,36,20,5,2,,0.0001,1,3,0.35,0.3,3.5,0.3
1,55,29,16,1,63,,0.015731521,1,3,0.35,0.3,3.5,0.3
1,56,29,16,2,45,,0.06613569,1,3,0.35,0.3,3.5,0.3
1,55,31,29,9,212,,0.075412397,1,3,0.35,0.3,3.5,0.3
1,54,31,29,10,2,,0.0001,1,3,0.35,0.3,3.5,0.3
1,46,41,5,1,2,,0.0001,1,3,0.35,0.3,3.5,0.3
1,47,41,5,2,88,,0.0001,1,3,0.35,0.3,3.5,0.3
1,15,48,11,2,138,,0.086504213,1,3,0.35,0.3,3.5,0.3
1,14,48,11,3,89,,0.112003889,1,3,0.35,0.3,3.5,0.3
1,64,19,18,1,48,,0.020686469,1,3,0.35,0.3,3.5,0.3
1,64,18,18,2,242,,0.057768021,1,3,0.35,0.3,3.5,0.3
1,63,20,41,29,35,,0.05592872,1,3,0.35,0.3,3.5,0.3
1,57,26,33,1,124,,0.040184766,1,3,0.35,0.3,3.5,0.3
1,57,25,33,2,81,,0.036634128,1,3,0.35,0.3,3.5,0.3
1,48,27,26,14,9,,0.0001,1,3,0.35,0.3,3.5,0.3
1,57,38,36,32,90,,0.143305344,1,3,0.35,0.3,3.5,0.3
1,15,48,15,2,79,,0.0001,1,3,0.35,0.3,3.5,0.3
1,15,47,15,3,35,,0.055928718,1,3,0.35,0.3,3.5,0.3
1,44,54,44,5,194,,0.015393227,1,3,0.35,0.3,3.5,0.3
1,44,53,44,6,35,,0.111857436,1,3,0.35,0.3,3.5,0.3
