Huaytapallana Met station data (in degrees C and mm)
tmax 1
tmin 1
precip 1
###########################################
2013	8	26	0	0	0	4.1	-0.7	0
2013	8	27	0	0	0	2.6	-1.8	3.28
2013	8	28	0	0	0	4.4	-2.6	1.52
2013	8	29	0	0	0	3.8	-3.9	0
2013	8	30	0	0	0	5.8	-4.4	0
2013	8	31	0	0	0	6.2	-3.5	0
2013	9	1	0	0	0	7.6	-0.4	0
2013	9	2	0	0	0	6.8	-1.1	0
2013	9	3	0	0	0	8.3	-0.9	0
2013	9	4	0	0	0	3.8	-2.1	0
2013	9	5	0	0	0	4.7	-0.3	0
2013	9	6	0	0	0	6.9	-0.1	0
2013	9	7	0	0	0	7.7	-1.3	0
2013	9	8	0	0	0	4.2	-1.4	3.03
2013	9	9	0	0	0	4.3	-3.5	0
2013	9	10	0	0	0	3	-1.3	1.52
2013	9	11	0	0	0	5.7	-0.8	0.75
2013	9	12	0	0	0	5.5	0.2	1.77
2013	9	13	0	0	0	6.5	0.177	1.26
2013	9	14	0	0	0	6.8	-1.7	3.3
2013	9	15	0	0	0	7.4	0.177	0.25
2013	9	16	0	0	0	7.5	0.3	4.53
2013	9	17	0	0	0	7	-0.3	5.31
2013	9	18	0	0	0	7.5	-0.4	5.06
2013	9	19	0	0	0	4	-0.2	19.01
2013	9	20	0	0	0	6.7	-1	0.25
2013	9	21	0	0	0	8.4	-0.7	0.75
2013	9	22	0	0	0	7.8	-1.7	0
2013	9	23	0	0	0	6.8	-0.4	0
2013	9	24	0	0	0	7.7	-0.7	5.58
2013	9	25	0	0	0	7.7	0.5	0
2013	9	26	0	0	0	8.2	-0.7	0
2013	9	27	0	0	0	9.3	0.177	1.25
2013	9	28	0	0	0	7	0.1	1.01
2013	9	29	0	0	0	6.7	-0.3	0
2013	9	30	0	0	0	7.8	0.177	0
2013	10	1	0	0	0	10.3	1	0
2013	10	2	0	0	0	7.8	1.2	5.29
2013	10	3	0	0	0	7.2	0.8	0
2013	10	4	0	0	0	7	0.1	1.01
2013	10	5	0	0	0	6.3	0.1	4.05
2013	10	6	0	0	0	4.7	-0.3	5.3
2013	10	7	0	0	0	6.8	-0.9	4.05
2013	10	8	0	0	0	5.9	-0.5	0.25
2013	10	9	0	0	0	5.5	-1.4	4.56
2013	10	10	0	0	0	6.5	0.177	5.05
2013	10	11	0	0	0	7.6	-0.9	2.02
2013	10	12	0	0	0	7.9	-0.7	1.51
2013	10	13	0	0	0	7.6	-0.2	0.75
2013	10	14	0	0	0	5.2	-0.6	17.98
2013	10	15	0	0	0	5.3	-0.3	11.4
2013	10	16	0	0	0	7.2	0.3	1.77
2013	10	17	0	0	0	6.5	1.6	2.52
2013	10	18	0	0	0	10	1.5	0
2013	10	19	0	0	0	6.2	0.3	5.58
2013	10	20	0	0	0	9.5	1	0
2013	10	21	0	0	0	9	1.1	0
2013	10	22	0	0	0	7.2	-0.3	0
2013	10	23	0	0	0	7.1	0.3	5.58
2013	10	24	0	0	0	4.8	0.6	4.28
2013	10	25	0	0	0	5.8	0.6	13.93
2013	10	26	0	0	0	5.8	0.3	14.93
2013	10	27	0	0	0	5.3	0.9	4.29
2013	10	28	0	0	0	6.6	1.2	1
2013	10	29	0	0	0	8.5	1	7.85
2013	10	30	0	0	0	7.3	1.9	7.33
2013	10	31	0	0	0	7.7	1.7	3.53
2013	11	1	0	0	0	9.2	-0.9	0
2013	11	2	0	0	0	7	-0.1	0
2013	11	3	0	0	0	5.3	0.4	1.5
2013	11	4	0	0	0	4.4	0.1	14.18
2013	11	5	0	0	0	6.4	0.1	15.21
2013	11	6	0	0	0	6.1	-0.4	18.03
2013	11	7	0	0	0	8.4	0.5	0
2013	11	8	0	0	0	7.9	0.2	0
2013	11	9	0	0	0	6.7	0.7	0
2013	11	10	0	0	0	6.5	1	4.02
2013	11	11	0	0	0	9.4	1.3	2.52
2013	11	12	0	0	0	9.6	1	4.31
2013	11	13	0	0	0	4.5	0.6	2.02
2013	11	14	0	0	0	7.4	0.8	2.5
2013	11	15	0	0	0	7	0.7	3.78
2013	11	16	0	0	0	8.9	1.7	0
2013	11	17	0	0	0	8	1.7	0.25
2013	11	18	0	0	0	9.9	2.1	0.25
2013	11	19	0	0	0	10.1	0.9	2.28
2013	11	20	0	0	0	7	0.8	0
2013	11	21	0	0	0	6.8	0.2	4.28
2013	11	22	0	0	0	8	1.1	2.26
2013	11	23	0	0	0	9.4	-1.6	2.02
2013	11	24	0	0	0	10.2	1.5	0
2013	11	25	0	0	0	6.8	1.4	2.78
2013	11	26	0	0	0	7.7	0.8	0
2013	11	27	0	0	0	8.1	1.3	0.5
2013	11	28	0	0	0	8.8	1.3	0
2013	11	29	0	0	0	8.1	1.1	0
2013	11	30	0	0	0	4.3	0.4	6.29
2013	12	1	0	0	0	5.8	-0.1	2.27
2013	12	2	0	0	0	3.7	0.5	7.57
2013	12	3	0	0	0	4	0.177	19.75
2013	12	4	0	0	0	5.7	-0.2	7.08
2013	12	5	0	0	0	5.8	0.6	7.82
2013	12	6	0	0	0	6.3	0.8	5.06
2013	12	7	0	0	0	5	0.8	1.51
2013	12	8	0	0	0	5.9	0.7	8.58
2013	12	9	0	0	0	5.2	0.5	21.8
2013	12	10	0	0	0	6.6	0.177	10.62
2013	12	11	0	0	0	6.2	0.3	6.06
2013	12	12	0	0	0	5.8	0.9	19.75
2013	12	13	0	0	0	6.4	0.177	5.57
2013	12	14	0	0	0	6.6	0.177	16.22
2013	12	15	0	0	0	6.7	0.2	8.34
2013	12	16	0	0	0	7.8	1	4.54
2013	12	17	0	0	0	9	1	6.32
2013	12	18	0	0	0	9.5	1.2	0
2013	12	19	0	0	0	7.7	1.9	0.25
2013	12	20	0	0	0	8.9	0.7	0
2013	12	21	0	0	0	8.4	-0.6	2.77
2013	12	22	0	0	0	9.1	-1.4	4.81
2013	12	23	0	0	0	6.5	0.177	8.85
2013	12	24	0	0	0	6.9	-0.9	26.14
2013	12	25	0	0	0	5.2	0.177	2.25
2013	12	26	0	0	0	6.6	-0.2	4.29
2013	12	27	0	0	0	7.3	0.2	1.52
2013	12	28	0	0	0	7.7	0.9	4.81
2013	12	29	0	0	0	7.3	0.1	1.26
2013	12	30	0	0	0	7.4	0.5	3.02
2013	12	31	0	0	0	9.5	1.7	3.53
2014	1	1	0	0	0	7.6	1.7	0
2014	1	2	0	0	0	8.2	1.1	7.1
2014	1	3	0	0	0	7.7	2.3	3.55
2014	1	4	0	0	0	6.4	0.3	4.55
2014	1	5	0	0	0	6.2	0.1	23.84
2014	1	6	0	0	0	6.5	0.9	6.32
2014	1	7	0	0	0	4.6	0.177	12.67
2014	1	8	0	0	0	7	1.3	9.86
2014	1	9	0	0	0	6.6	0.5	6.05
2014	1	10	0	0	0	3.8	0.5	11.83
2014	1	11	0	0	0	5.7	0.3	12.41
2014	1	12	0	0	0	5.9	0.2	6.07
2014	1	13	0	0	0	4.9	-0.1	6.58
2014	1	14	0	0	0	7.1	0.1	1.51
2014	1	15	0	0	0	6	0.2	6.81
2014	1	16	0	0	0	6.7	-0.2	2.76
2014	1	17	0	0	0	6.4	-0.2	8.88
2014	1	18	0	0	0	5.9	0.8	3.02
2014	1	19	0	0	0	5.1	0.7	8.1
2014	1	20	0	0	0	8.3	1.7	26.65
2014	1	21	0	0	0	8.1	1	0.25
2014	1	22	0	0	0	7	1.7	1.76
2014	1	23	0	0	0	7.5	1.5	1.25
2014	1	24	0	0	0	7.5	0.4	1.75
2014	1	25	0	0	0	8.5	1.1	4.55
2014	1	26	0	0	0	7.3	1.9	0
2014	1	27	0	0	0	6.3	-0.7	3.78
2014	1	28	0	0	0	6.5	0.177	6.58
2014	1	29	0	0	0	8.5	0.4	8.09
2014	1	30	0	0	0	6	0.2	11.39
2014	1	31	0	0	0	6.2	0.6	2.52
2014	2	1	0	0	0	7.9	0.7	0.5
2014	2	2	0	0	0	5.8	1.9	0.25
2014	2	3	0	0	0	8.2	0.8	11.41
2014	2	4	0	0	0	7.8	0.5	0
2014	2	5	0	0	0	6.5	0.7	3.77
2014	2	6	0	0	0	6.2	0.3	1.76
2014	2	7	0	0	0	8	0.7	0.5
2014	2	8	0	0	0	7.4	1	10.11
2014	2	9	0	0	0	7.7	0.8	15.69
2014	2	10	0	0	0	5.4	0.177	5.29
2014	2	11	0	0	0	6.5	1.4	2.78
2014	2	12	0	0	0	7.1	1	12.67
2014	2	13	0	0	0	5.3	1.3	2.78
2014	2	14	0	0	0	5.6	0.4	15.43
2014	2	15	0	0	0	6.3	1.4	8.35
2014	2	16	0	0	0	7.1	0.2	3.8
2014	2	17	0	0	0	7.2	1.7	3.8
2014	2	18	0	0	0	6.2	1	1.51
2014	2	19	0	0	0	7	0.8	3.77
2014	2	20	0	0	0	6	1.1	2.02
2014	2	21	0	0	0	8.6	1.8	4.31
2014	2	22	0	0	0	7.5	1.9	4.04
2014	2	23	0	0	0	5.8	1.8	7.03
2014	2	24	0	0	0	4.5	0.177	7.31
2014	2	25	0	0	0	5.6	1.4	4.53
2014	2	26	0	0	0	5.9	1.2	2.26
2014	2	27	0	0	0	6.7	0.4	12.17
2014	2	28	0	0	0	8.2	0.1	4.29
2014	3	1	0	0	0	9.4	1.1	0
2014	3	2	0	0	0	11.2	1.1	2.28
2014	3	3	0	0	0	8	-0.1	4.3
2014	3	4	0	0	0	4.4	-1	19.02
2014	3	5	0	0	0	4.4	0.2	2.51
2014	3	6	0	0	0	6.2	-0.1	2.02
2014	3	7	0	0	0	6.8	1.5	0.5
2014	3	8	0	0	0	4	0.177	19.5
2014	3	9	0	0	0	4.6	0.177	7.07
2014	3	10	0	0	0	7	-0.4	4.05
2014	3	11	0	0	0	7.6	0.8	10.66
2014	3	12	0	0	0	5.1	0.7	1.51
2014	3	13	0	0	0	6.2	0.177	16.93
2014	3	14	0	0	0	6.1	0.2	9.08
2014	3	15	0	0	0	6.3	0.4	9.84
2014	3	16	0	0	0	6.6	0.5	17.75
2014	3	17	0	0	0	5.1	1.2	7.32
2014	3	18	0	0	0	6.8	0.6	10.85
2014	3	19	0	0	0	6	0.4	9.34
2014	3	20	0	0	0	7.6	1.4	1.5
2014	3	21	0	0	0	7.4	0.3	3.53
2014	3	22	0	0	0	6.3	0.7	5.05
2014	3	23	0	0	0	6	0.6	1.76
2014	3	24	0	0	0	6.5	0.177	9.61
2014	3	25	0	0	0	6.5	1.2	2.77
2014	3	26	0	0	0	6.6	1.2	3.27
2014	3	27	0	0	0	5.2	0.3	9.87
2014	3	28	0	0	0	8.8	1.2	2.02
2014	3	29	0	0	0	10.2	0.2	0.25
2014	3	30	0	0	0	7.7	-0.1	0
2014	3	31	0	0	0	5.6	0.3	6.33
2014	4	1	0	0	0	4.6	-1.4	0.5
2014	4	2	0	0	0	5.2	-0.7	1
2014	4	3	0	0	0	5	0.177	6.32
2014	4	4	0	0	0	4.7	0.4	6.31
2014	4	5	0	0	0	4.1	-0.4	9.88
2014	4	6	0	0	0	6.2	-1.7	0.5
2014	4	7	0	0	0	7.7	-1	0.25
2014	4	8	0	0	0	7.7	0.5	0
2014	4	9	0	0	0	5.6	0.6	6.32
2014	4	10	0	0	0	7.6	0.1	2.01
2014	4	11	0	0	0	6.9	-0.1	6.33
2014	4	12	0	0	0	8.3	0.3	0
2014	4	13	0	0	0	6.9	0.9	0.5
2014	4	14	0	0	0	4.2	0.7	2.76
2014	4	15	0	0	0	6.8	0.3	0.25
2014	4	16	0	0	0	9.1	-0.4	0.25
2014	4	17	0	0	0	7.1	0.8	0.25
2014	4	18	0	0	0	7.6	0.3	0.25
2014	4	19	0	0	0	6.3	1.1	1
2014	4	20	0	0	0	8.2	0.1	0
2014	4	21	0	0	0	8.4	0.3	0
2014	4	22	0	0	0	7.4	0.6	0
2014	4	23	0	0	0	7.2	1.7	2.27
2014	4	24	0	0	0	3.9	0.2	3.79
2014	4	25	0	0	0	7.6	0.5	1.26
2014	4	26	0	0	0	6.6	0.7	0.5
2014	4	27	0	0	0	7.2	-1.7	0
2014	4	28	0	0	0	7.6	1.4	0
2014	4	29	0	0	0	3.5	0.8	9.11
2014	4	30	0	0	0	8.7	0.177	14.7
2014	5	1	0	0	0	7.9	2.6	0.25
2014	5	2	0	0	0	7.8	0.8	0.5
2014	5	3	0	0	0	6.2	0.7	5.82
2014	5	4	0	0	0	6.9	1	1.5
2014	5	5	0	0	0	6.8	1.6	0
2014	5	6	0	0	0	5.5	1.1	2.77
2014	5	7	0	0	0	5.6	0.5	0
2014	5	8	0	0	0	4.9	0.5	3.03
2014	5	9	0	0	0	6.3	0.5	2.28
2014	5	10	0	0	0	6.6	-0.7	2.02
2014	5	11	0	0	0	7.6	0.177	1.51
2014	5	12	0	0	0	7.1	0.177	1.5
2014	5	13	0	0	0	7	-0.2	0.5
2014	5	14	0	0	0	7.4	0.6	0.25
2014	5	15	0	0	0	6.9	0.5	0.25
2014	5	16	0	0	0	6.8	1.3	0.5
2014	5	17	0	0	0	7.2	0.4	1.51
2014	5	18	0	0	0	5.3	-0.4	3.53
2014	5	19	0	0	0	6.1	-1	0.25
2014	5	20	0	0	0	4.6	0.177	2.28
2014	5	21	0	0	0	7.5	0.9	6.08
2014	5	22	0	0	0	6.7	2.1	0
2014	5	23	0	0	0	7.6	-0.6	0
2014	5	24	0	0	0	7.6	-2.1	0
2014	5	25	0	0	0	8.3	-0.8	0
2014	5	26	0	0	0	8.3	-1.2	0
2014	5	27	0	0	0	7.6	0.9	0
2014	5	28	0	0	0	9.2	0.5	0
2014	5	29	0	0	0	9	1.1	0
2014	5	30	0	0	0	8.8	1.3	0
2014	5	31	0	0	0	9.1	1.5	0
2014	6	1	0	0	0	8.3	0.1	0
2014	6	2	0	0	0	7.9	1	0
2014	6	3	0	0	0	9.1	0.6	0
2014	6	4	0	0	0	9.7	1.3	0
2014	6	5	0	0	0	9.3	1.8	0
2014	6	6	0	0	0	8.5	0.5	0
2014	6	7	0	0	0	10.6	2	0
2014	6	8	0	0	0	10.5	1.9	0
2014	6	9	0	0	0	8.2	0.4	0
2014	6	10	0	0	0	7.1	-1.2	2.03
2014	6	11	0	0	0	9.4	-1.6	0
2014	6	12	0	0	0	6.5	0.8	0
2014	6	13	0	0	0	7.7	1.1	0
2014	6	14	0	0	0	5.4	0.177	0
2014	6	15	0	0	0	5.9	0.4	0
2014	6	16	0	0	0	5.9	-0.8	0.25
2014	6	17	0	0	0	5.4	-2.1	0.25
2014	6	18	0	0	0	7.9	-0.4	0
2014	6	19	0	0	0	6.9	-0.6	0
2014	6	20	0	0	0	7.8	0.177	0
2014	6	21	0	0	0	8.7	0.8	0
2014	6	22	0	0	0	8.4	0.2	0
2014	6	23	0	0	0	8.7	-0.3	0
2014	6	24	0	0	0	7.7	0.3	0
2014	6	25	0	0	0	7.7	-0.2	0
2014	6	26	0	0	0	6.8	-0.9	1.26
2014	6	27	0	0	0	6.6	0.3	0
2014	6	28	0	0	0	7.1	-0.3	0.25
2014	6	29	0	0	0	7.9	-1.2	0.75
2014	6	30	0	0	0	7.3	0.9	2.53
2014	7	1	0	0	0	6.4	1.6	0.75
2014	7	2	0	0	0	5.2	0.7	0.5
2014	7	3	0	0	0	6.7	0.1	0
2014	7	4	0	0	0	6.1	0.5	0
2014	7	5	0	0	0	9	0.8	0
2014	7	6	0	0	0	6.3	0.4	0.76
2014	7	7	0	0	0	6.5	-0.9	0
2014	7	8	0	0	0	5.4	-0.2	1.51
2014	7	9	0	0	0	7.2	-0.2	1.77
2014	7	10	0	0	0	6.5	0.177	0
2014	7	11	0	0	0	7.2	0.4	0
2014	7	12	0	0	0	7	0.4	0
2014	7	13	0	0	0	7.1	-1	0
2014	7	14	0	0	0	7.1	-2.8	0
2014	7	15	0	0	0	6.9	0.1	0
2014	7	16	0	0	0	7.7	-0.3	0
2014	7	17	0	0	0	6	-1.1	0.25
2014	7	18	0	0	0	4.6	-1.9	0
2014	7	19	0	0	0	2.6	-2	2.26
2014	7	20	0	0	0	5.7	-2.1	0
2014	7	21	0	0	0	8	-1.3	0
2014	7	22	0	0	0	7.4	-1.6	2.28
2014	7	23	0	0	0	7.1	-0.5	0
2014	7	24	0	0	0	6.2	-1.7	0
2014	7	25	0	0	0	4.8	-1.2	0
2014	7	26	0	0	0	6	-1	0.5
2014	7	27	0	0	0	6.4	-0.7	2.78
2014	7	28	0	0	0	4.6	-2	0.5
2014	7	29	0	0	0	5.9	-2.4	0
2014	7	30	0	0	0	4.6	-2.2	1.77
2014	7	31	0	0	0	7.6	-2.1	0
2014	8	1	0	0	0	7.1	-0.4	0
2014	8	2	0	0	0	7.6	-0.8	0
2014	8	3	0	0	0	7.9	-1.8	0
2014	8	4	0	0	0	7.7	-1.7	0
2014	8	5	0	0	0	6.1	-4.4	0
2014	8	6	0	0	0	7.6	-2	0
2014	8	7	0	0	0	7.7	-0.9	0
2014	8	8	0	0	0	4.4	-2.6	1.5
2014	8	9	0	0	0	4	-1	6.34
2014	8	10	0	0	0	5.4	-2	0
2014	8	11	0	0	0	5.7	-0.7	2.27
2014	8	12	0	0	0	8.3	-1	0
2014	8	13	0	0	0	5.7	-1.9	0
2014	8	14	0	0	0	4.9	-3.6	0.25
2014	8	15	0	0	0	4.4	-1.6	0.75
2014	8	16	0	0	0	6.6	-3.2	0
2014	8	17	0	0	0	7.4	-1.8	0.25
2014	8	18	0	0	0	5.4	-2.1	0
2014	8	19	0	0	0	6.6	-3.2	0.25
2014	8	20	0	0	0	4.5	-5	0
2014	8	21	0	0	0	5.9	-2.9	0
2014	8	22	0	0	0	7.6	-1	0
2014	8	23	0	0	0	8.6	-0.9	0
2014	8	24	0	0	0	6.8	-0.7	0
2014	8	25	0	0	0	6.8	-2.1	0
2014	8	26	0	0	0	5.8	-2.2	0
2014	8	27	0	0	0	6.6	-0.6	1.77
2014	8	28	0	0	0	4.3	-2.1	0.5
2014	8	29	0	0	0	5.6	-1.1	0.75
2014	8	30	0	0	0	8.1	-0.9	0
2014	8	31	0	0	0	4.4	-0.9	0.76
2014	9	1	0	0	0	6.5	-1.8	0
2014	9	2	0	0	0	6.6	-1.2	0
2014	9	3	0	0	0	6.6	-1.6	0
2014	9	4	0	0	0	6.7	-0.3	0.5
2014	9	5	0	0	0	5	-0.9	0.75
2014	9	6	0	0	0	4.7	-1.9	0.25
2014	9	7	0	0	0	5.7	-2.2	0
2014	9	8	0	0	0	7.9	-1.6	0
2014	9	9	0	0	0	7	-1.2	0
2014	9	10	0	0	0	9	-0.3	0
2014	9	11	0	0	0	7.7	-0.2	0
2014	9	12	0	0	0	8.3	-0.1	0
2014	9	13	0	0	0	8.4	-0.3	0.75
2014	9	14	0	0	0	5	0.177	4.81
2014	9	15	0	0	0	5.8	-1.2	1.77
2014	9	16	0	0	0	6.6	-0.1	1.25
2014	9	17	0	0	0	5.8	-0.4	10.89
2014	9	18	0	0	0	4.7	-0.1	3.02
2014	9	19	0	0	0	8.9	-1.8	13.19
2014	9	20	0	0	0	6.9	-1.3	8.86
2014	9	21	0	0	0	6	0.177	2.27
2014	9	22	0	0	0	4.6	-0.4	9.12
2014	9	23	0	0	0	7.6	0.6	0
2014	9	24	0	0	0	5.8	0.8	1.77
2014	9	25	0	0	0	6.5	0.9	1.51
2014	9	26	0	0	0	6.9	1.2	0.25
2014	9	27	0	0	0	4.9	-0.6	2.52
2014	9	28	0	0	0	3.6	-0.4	3.53
2014	9	29	0	0	0	5.5	-1.1	0.5
2014	9	30	0	0	0	4.8	-1.2	2.78
2014	10	1	0	0	0	5.9	-0.5	2.28
2014	10	2	0	0	0	4.6	-1.6	0.25
2014	10	3	0	0	0	4.3	-1.8	1.25
2014	10	4	0	0	0	6.9	-0.7	1.26
2014	10	5	0	0	0	6	-1	0.5
2014	10	6	0	0	0	4.9	0.2	0
2014	10	7	0	0	0	6.9	0.2	0
2014	10	8	0	0	0	7.8	1.2	0
2014	10	9	0	0	0	5.5	0.8	3.02
2014	10	10	0	0	0	6.3	0.6	6.83
2014	10	11	0	0	0	4.4	0.2	4.81
2014	10	12	0	0	0	6	-0.7	3.01
2014	10	13	0	0	0	2.7	-2	0.5
2014	10	14	0	0	0	5.1	-2.7	0
2014	10	15	0	0	0	3.3	-1.4	0.25
2014	10	16	0	0	0	2.5	-1.1	2
2014	10	17	0	0	0	8	-2.3	0
2014	10	18	0	0	0	8	0.2	0
2014	10	19	0	0	0	8.4	0.2	0
2014	10	20	0	0	0	5.7	-0.1	4.3
2014	10	21	0	0	0	3.6	-0.3	6.06
2014	10	22	0	0	0	6.1	-0.2	2.52
2014	10	23	0	0	0	7.4	-0.7	2.78
2014	10	24	0	0	0	10.6	1.2	0.25
2014	10	25	0	0	0	4.8	0.177	4.38
2014	10	26	0	0	0	6.9	0.5	0
2014	10	27	0	0	0	7.4	0.177	0
2014	10	28	0	0	0	5.5	0.4	0
2014	10	29	0	0	0	8.6	0.6	12.67
2014	10	30	0	0	0	8.7	2.4	0
2014	10	31	0	0	0	5.9	1.3	3.03
2014	11	1	0	0	0	6.3	0.1	0.25
2014	11	2	0	0	0	7.9	0.6	3.27
2014	11	3	0	0	0	10.5	1.6	0
2014	11	4	0	0	0	8.8	2.1	0
2014	11	5	0	0	0	7.9	0.2	6.09
2014	11	6	0	0	0	3.4	-0.3	15.95
2014	11	7	0	0	0	6	0.9	0.75
2014	11	8	0	0	0	8.8	0.177	0.5
2014	11	9	0	0	0	9	0.6	0.25
2014	11	10	0	0	0	9	-0.1	1.76
2014	11	11	0	0	0	7.4	0.1	10.9
2014	11	12	0	0	0	8.4	1.6	0.25
2014	11	13	0	0	0	5.2	1.6	0
2014	11	14	0	0	0	4.6	0.3	2.28
2014	11	15	0	0	0	4.9	0.2	4.29
2014	11	16	0	0	0	4.6	0.4	1
2014	11	17	0	0	0	6.5	-1	5.31
2014	11	18	0	0	0	8.8	0.177	11.39
2014	11	19	0	0	0	8.2	0.4	4.55
2014	11	20	0	0	0	8.5	-1	2.5
2014	11	21	0	0	0	8.4	-1.1	1.51
2014	11	22	0	0	0	6.8	0.3	3.79
2014	11	23	0	0	0	8.3	-0.1	4.3
2014	11	24	0	0	0	9.4	0.4	4.81
2014	11	25	0	0	0	7.7	1.1	3.29
2014	11	26	0	0	0	8.6	2.3	0
2014	11	27	0	0	0	9.2	1.7	0
2014	11	28	0	0	0	7.9	0.177	2.02
2014	11	29	0	0	0	6.2	0.177	6.08
2014	11	30	0	0	0	7.1	1.1	0.75
2014	12	1	0	0	0	7.9	1.1	13.68
2014	12	2	0	0	0	8.6	-0.3	7.17
2014	12	3	0	0	0	5.5	1.1	9.1
2014	12	4	0	0	0	4.9	0.5	19.25
2014	12	5	0	0	0	5.6	0.8	0.75
2014	12	6	0	0	0	8.3	0.5	0
2014	12	7	0	0	0	9.9	0.4	1.77
2014	12	8	0	0	0	7.2	0.7	5.8
2014	12	9	0	0	0	9.3	0.9	1.27
2014	12	10	0	0	0	7.1	1.2	0.5
2014	12	11	0	0	0	6	0.3	5.82
2014	12	12	0	0	0	9.5	0.1	1.52
2014	12	13	0	0	0	8.4	1.8	0.5
2014	12	14	0	0	0	7	0.177	3.04
2014	12	15	0	0	0	6.6	1.2	1.01
2014	12	16	0	0	0	6.5	0.2	11.38
2014	12	17	0	0	0	8.4	0.5	8.86
2014	12	18	0	0	0	8.4	0.7	9.35
2014	12	19	0	0	0	9.5	0.9	1.5
2014	12	20	0	0	0	9.8	1.6	0
2014	12	21	0	0	0	9.1	1	0.5
2014	12	22	0	0	0	8.3	1.9	1.25
2014	12	23	0	0	0	6.2	1.2	5.81
2014	12	24	0	0	0	7.1	0.9	0.5
2014	12	25	0	0	0	6.8	2	3.78
2014	12	26	0	0	0	5.6	1.3	5.55
2014	12	27	0	0	0	6.8	1.3	1.5
2014	12	28	0	0	0	6.4	0.177	5.06
2014	12	29	0	0	0	4.6	0.8	13.69
2014	12	30	0	0	0	7.5	1.3	0.75
2014	12	31	0	0	0	6	0.6	17.47
2015	1	1	0	0	0	5.3	0.2	8.09
2015	1	2	0	0	0	6	-0.2	4.29
2015	1	3	0	0	0	6.6	0.5	3.79
2015	1	4	0	0	0	3.7	0.1	13.13
2015	1	5	0	0	0	5.3	0.177	12.4
2015	1	6	0	0	0	5.2	0.177	8.06
2015	1	7	0	0	0	4.6	0.2	2.51
2015	1	8	0	0	0	5.7	-0.2	3.26
2015	1	9	0	0	0	5.9	0.5	8.84
2015	1	10	0	0	0	5.6	-0.2	2.27
2015	1	11	0	0	0	7.8	-0.5	5.3
2015	1	12	0	0	0	7.1	0.1	0.25
2015	1	13	0	0	0	6.2	0.1	2.77
2015	1	14	0	0	0	8.7	0.177	1
2015	1	15	0	0	0	7.9	-0.7	16.99
2015	1	16	0	0	0	9	0.9	0
2015	1	17	0	0	0	9.8	1.2	0
2015	1	18	0	0	0	7	0.4	6.8
2015	1	19	0	0	0	9.6	0.2	3.78
2015	1	20	0	0	0	6.3	0.6	7.59
2015	1	21	0	0	0	4.2	0.1	7.05
2015	1	22	0	0	0	6.3	0.2	4.26
2015	1	23	0	0	0	4.9	-0.1	7.58
2015	1	24	0	0	0	6	-0.2	3.53
2015	1	25	0	0	0	7.1	-0.4	1.27
2015	1	26	0	0	0	7	1	5.05
2015	1	27	0	0	0	5	0.3	16.17
2015	1	28	0	0	0	3.8	0.2	11.09
2015	1	29	0	0	0	6.1	0.8	2.78
2015	1	30	0	0	0	7.2	-0.1	0.5
2015	1	31	0	0	0	4.5	-0.7	12.17
2015	2	1	0	0	0	5.3	0.177	13.91
2015	2	2	0	0	0	4.3	0.3	5.04
2015	2	3	0	0	0	5.5	-1	1.01
2015	2	4	0	0	0	7.8	0.7	0
2015	2	5	0	0	0	7.6	0.2	1.77
2015	2	6	0	0	0	7.3	0.177	4.28
2015	2	7	0	0	0	6.1	0.6	1.25
2015	2	8	0	0	0	4.7	0.177	15.97
2015	2	9	0	0	0	6.3	0.8	10.6
2015	2	10	0	0	0	5	0.177	11.39
2015	2	11	0	0	0	8.6	-0.3	8.86
2015	2	12	0	0	0	5.7	0.3	10.87
2015	2	13	0	0	0	6.2	1.7	3.77
2015	2	14	0	0	0	7.4	1	15.2
2015	2	15	0	0	0	7.1	0.3	20.03
2015	2	16	0	0	0	7.8	0.9	0.5
2015	2	17	0	0	0	9.7	2	1.77
2015	2	18	0	0	0	9.4	0.177	5.43
2015	2	19	0	0	0	9.5	-0.5	0
2015	2	20	0	0	0	8.2	0.7	2.27
2015	2	21	0	0	0	7.5	0.7	11.4
2015	2	22	0	0	0	6.7	0.177	1
2015	2	23	0	0	0	6.4	0.9	6.79
2015	2	24	0	0	0	5.3	0.4	5.43
2015	2	25	0	0	0	4.8	-0.1	10.87
2015	2	26	0	0	0	5.1	-0.2	6.84
2015	2	27	0	0	0	6.1	-0.2	5.56
2015	2	28	0	0	0	6.5	-0.1	3.52
2015	3	1	0	0	0	7	0.2	5.81
2015	3	2	0	0	0	5.7	1.9	6.33
2015	3	3	0	0	0	6.2	1.3	4.55
2015	3	4	0	0	0	5.6	1.6	14.67
2015	3	5	0	0	0	7.2	0.177	6.55
2015	3	6	0	0	0	6.8	0.7	5.79
2015	3	7	0	0	0	6.2	0.9	0.75
2015	3	8	0	0	0	6.3	1.5	5.55
2015	3	9	0	0	0	6.3	0.6	2.26
2015	3	10	0	0	0	5.8	0.5	8.84
2015	3	11	0	0	0	6.6	0.9	2.25
2015	3	12	0	0	0	7.7	1.3	1
2015	3	13	0	0	0	7.6	0.9	1.25
2015	3	14	0	0	0	5.8	1	1.01
2015	3	15	0	0	0	6.1	0.1	0.75
2015	3	16	0	0	0	6.8	0.6	0
2015	3	17	0	0	0	7.7	1.5	0.25
2015	3	18	0	0	0	6.7	1.5	5.05
2015	3	19	0	0	0	5.2	1.2	4.04
2015	3	20	0	0	0	6.1	0.5	0
2015	3	21	0	0	0	3.3	0.2	10.36
2015	3	22	0	0	0	5.3	-0.2	1.25
2015	3	23	0	0	0	5.4	-0.6	3.02
2015	3	24	0	0	0	5.9	-0.9	2.53
2015	3	25	0	0	0	4.2	0.177	4.56
2015	3	26	0	0	0	7	-0.3	0.75
2015	3	27	0	0	0	7.5	0.7	2.77
2015	3	28	0	0	0	6.8	0.5	11.64
2015	3	29	0	0	0	8.7	0.4	2
2015	3	30	0	0	0	7.1	1.7	0.25
2015	3	31	0	0	0	7.9	1.3	4.05
2015	4	1	0	0	0	5.2	0.5	6.27
2015	4	2	0	0	0	5.9	0.1	1.25
2015	4	3	0	0	0	9.7	-0.4	0.25
2015	4	4	0	0	0	6.1	0.9	3.04
2015	4	5	0	0	0	3.7	0.5	5.06
2015	4	6	0	0	0	5.9	0.2	2.02
2015	4	7	0	0	0	6.2	1	2.25
2015	4	8	0	0	0	6.8	0.8	13.65
2015	4	9	0	0	0	4.1	-0.7	4.06
2015	4	10	0	0	0	4.5	-1.1	5.08
2015	4	11	0	0	0	5.3	-0.1	3.53
2015	4	12	0	0	0	6.9	0.177	4.8
2015	4	13	0	0	0	6.9	0.177	2.28
2015	4	14	0	0	0	6.8	0.2	1.77
2015	4	15	0	0	0	4.1	0.177	9.1
2015	4	16	0	0	0	6.5	0.1	2.27
2015	4	17	0	0	0	6.9	0.1	0.25
2015	4	18	0	0	0	6.9	0.6	0
2015	4	19	0	0	0	6.9	0.5	0.75
2015	4	20	0	0	0	5.6	0.9	2.02
2015	4	21	0	0	0	6.1	0.9	1.01
2015	4	22	0	0	0	3.6	0.177	4.28
2015	4	23	0	0	0	4.6	-0.5	0.25
2015	4	24	0	0	0	4.6	0.177	5.8
2015	4	25	0	0	0	4	-0.3	1.5
2015	4	26	0	0	0	6.2	-0.1	0
2015	4	27	0	0	0	7	-0.3	0.25
2015	4	28	0	0	0	7	0.7	2.27
2015	4	29	0	0	0	5.6	0.4	0.25
2015	4	30	0	0	0	6.7	0.3	0.75
2015	5	1	0	0	0	7.7	1	0.25
2015	5	2	0	0	0	7.7	2	3.78
2015	5	3	0	0	0	8.2	1.3	2.27
2015	5	4	0	0	0	7.4	1.3	1.76
2015	5	5	0	0	0	7.5	-0.4	5.57
2015	5	6	0	0	0	7.1	-0.1	2.53
2015	5	7	0	0	0	6.7	-0.3	1.25
2015	5	8	0	0	0	7.8	0.6	4.82
2015	5	9	0	0	0	6.2	0.8	0
2015	5	10	0	0	0	6.2	-0.2	0.5
2015	5	11	0	0	0	5.5	0.177	0.25
2015	5	12	0	0	0	7.4	0.2	3.53
2015	5	13	0	0	0	7.1	0.6	4.3
2015	5	14	0	0	0	6.1	-0.6	2.01
2015	5	15	0	0	0	5.5	0.4	0.5
2015	5	16	0	0	0	3	-0.4	0.25
2015	5	17	0	0	0	5.7	0.177	1.26
2015	5	18	0	0	0	2.5	-0.8	3.79
2015	5	19	0	0	0	6.2	-1	2.53
2015	5	20	0	0	0	4.9	-0.5	2.27
2015	5	21	0	0	0	7.9	0.177	0.25
2015	5	22	0	0	0	8.3	-0.7	3.3
2015	5	23	0	0	0	6.7	-0.1	0
2015	5	24	0	0	0	9.7	0.5	2.28
2015	5	25	0	0	0	7.9	-0.4	0
2015	5	26	0	0	0	8.6	1.1	0
2015	5	27	0	0	0	7.6	0.2	2.02
2015	5	28	0	0	0	6.9	-1.2	0
2015	5	29	0	0	0	6.9	-0.4	0
2015	5	30	0	0	0	8	1.1	0
2015	5	31	0	0	0	7.8	0.6	0.25
2015	6	1	0	0	0	7	0.7	2.28
2015	6	2	0	0	0	7.3	0.3	3.53
2015	6	3	0	0	0	6.4	-0.1	2.78
2015	6	4	0	0	0	5.3	-0.7	0.25
2015	6	5	0	0	0	5.5	-1.2	0
2015	6	6	0	0	0	6.8	-1.1	0
2015	6	7	0	0	0	6.6	-0.3	0
2015	6	8	0	0	0	6.4	0.177	0
2015	6	9	0	0	0	7.4	1	0
2015	6	10	0	0	0	8.4	0.5	0
2015	6	11	0	0	0	7	0.3	0
2015	6	12	0	0	0	6.7	-2.6	0.75
2015	6	13	0	0	0	7.8	1.2	0
2015	6	14	0	0	0	8.1	0.7	0
2015	6	15	0	0	0	7.1	0.1	0
2015	6	16	0	0	0	6.8	-1.1	0.25
2015	6	17	0	0	0	7.3	0.2	1.52
2015	6	18	0	0	0	6.6	0.177	0.25
2015	6	19	0	0	0	4.9	-0.2	3.27
2015	6	20	0	0	0	6.9	-2.1	0.25
2015	6	21	0	0	0	5.7	-0.4	0
2015	6	22	0	0	0	9	-1.9	0
2015	6	23	0	0	0	8.4	-0.9	0
2015	6	24	0	0	0	6.7	-2	0
2015	6	25	0	0	0	8.5	-0.6	0
2015	6	26	0	0	0	7.8	-0.5	0
2015	6	27	0	0	0	6	-2.6	0
2015	6	28	0	0	0	8	-2.5	0
2015	6	29	0	0	0	7.7	1.4	0
2015	6	30	0	0	0	9.5	1.1	0
2015	7	1	0	0	0	8.4	-0.7	0
2015	7	2	0	0	0	8	-0.3	0
2015	7	3	0	0	0	7	-0.8	0.5
2015	7	4	0	0	0	5.9	0.4	5.32
2015	7	5	0	0	0	6.9	0.6	0
2015	7	6	0	0	0	7.8	-0.6	0
2015	7	7	0	0	0	7.5	-1.4	0
2015	7	8	0	0	0	7.2	-1.2	0
2015	7	9	0	0	0	8.2	-0.3	0
2015	7	10	0	0	0	8.2	0.177	0
2015	7	11	0	0	0	2.7	-1.1	0
2015	7	12	0	0	0	5	0.1	0
2015	7	13	0	0	0	9.9	0.7	0
2015	7	14	0	0	0	7.6	1.5	0
2015	7	15	0	0	0	6.5	-0.4	0
2015	7	16	0	0	0	7.8	-0.5	4.82
2015	7	17	0	0	0	4.9	-0.7	0.25
2015	7	18	0	0	0	4.6	-0.8	0
2015	7	19	0	0	0	7.3	-0.1	0
2015	7	20	0	0	0	8.6	0.5	0
2015	7	21	0	0	0	7.9	-1.5	0
2015	7	22	0	0	0	6	-0.7	0
2015	7	23	0	0	0	9.9	1.1	0
2015	7	24	0	0	0	8	0.177	0
2015	7	25	0	0	0	9.5	0.2	0
2015	7	26	0	0	0	7.8	-3	0
2015	7	27	0	0	0	9.8	0.177	0
2015	7	28	0	0	0	8.9	0.5	0
2015	7	29	0	0	0	7.2	-1.6	0
2015	7	30	0	0	0	7.4	-2.6	0
2015	7	31	0	0	0	5.9	-0.2	0
2015	8	1	0	0	0	9.5	-0.1	0
2015	8	2	0	0	0	8.8	-0.3	0
2015	8	3	0	0	0	8.8	0.7	0
2015	8	4	0	0	0	8.6	-0.6	0
2015	8	5	0	0	0	9.6	-0.7	0
2015	8	6	0	0	0	10.4	0.2	0
2015	8	7	0	0	0	10.3	1.4	0
2015	8	8	0	0	0	9.2	0.5	0
2015	8	9	0	0	0	8.9	-0.2	0
2015	8	10	0	0	0	8.3	-4.4	0
2015	8	11	0	0	0	5	-0.5	0.76
2015	8	12	0	0	0	6	-0.5	0
2015	8	13	0	0	0	4.6	-0.7	3.04
2015	8	14	0	0	0	6.6	-0.4	0.5
2015	8	15	0	0	0	5.9	-0.9	0.5
2015	8	16	0	0	0	6.9	-0.4	0
2015	8	17	0	0	0	6.7	-0.8	0.25
2015	8	18	0	0	0	5.3	-1.9	0
2015	8	19	0	0	0	6.9	-2.7	0
2015	8	20	0	0	0	7.4	-1	0
2015	8	21	0	0	0	7	-2.7	0
2015	8	22	0	0	0	8.2	-0.3	0
2015	8	23	0	0	0	8.8	0.6	0
2015	8	24	0	0	0	8.1	-1.3	0.5
2015	8	25	0	0	0	5.9	0.2	0
2015	8	26	0	0	0	8.4	0.7	0
2015	8	27	0	0	0	8.6	-0.3	0
2015	8	28	0	0	0	5.1	-0.6	0.5
2015	8	29	0	0	0	6	-3	0
2015	8	30	0	0	0	6	-2.9	0
2015	8	31	0	0	0	7	-3.9	0
2015	9	1	0	0	0	5.2	-2.7	0
2015	9	2	0	0	0	5.2	-1.1	0
2015	9	3	0	0	0	5.9	-0.5	0.76
2015	9	4	0	0	0	7.9	-0.9	0
2015	9	5	0	0	0	7.4	0.177	0.5
2015	9	6	0	0	0	6.9	-0.2	3.54
2015	9	7	0	0	0	8.4	-0.6	1.26
2015	9	8	0	0	0	9.4	1.4	0
2015	9	9	0	0	0	9	0.7	0
2015	9	10	0	0	0	8.9	0.8	0.5
2015	9	11	0	0	0	6.8	0.6	0
2015	9	12	0	0	0	8	-0.5	1
2015	9	13	0	0	0	7.3	-0.4	13.45
2015	9	14	0	0	0	4.7	-1.6	0.25
2015	9	15	0	0	0	9.2	0.7	0
2015	9	16	0	0	0	8.5	-0.1	0
2015	9	17	0	0	0	9.3	-2.1	0
2015	9	18	0	0	0	6.6	-0.5	0.25
2015	9	19	0	0	0	7.1	0.177	1.82
2015	9	20	0	0	0	5.8	-0.5	1.82
2015	9	21	0	0	0	6.8	0.1	1.82
2015	9	22	0	0	0	7.3	0.1	1.82
2015	9	23	0	0	0	6.5	0.6	1.82
2015	9	24	0	0	0	6.1	0.3	6.31
2015	9	25	0	0	0	7.5	0.7	1.82
2015	9	26	0	0	0	7.3	0.3	1.82
2015	9	27	0	0	0	8	0.9	6.08
2015	9	28	0	0	0	7.4	1.3	1.82
2015	9	29	0	0	0	6.3	-1.1	0
2015	9	30	0	0	0	6.4	0.1	1.25
2015	10	1	0	0	0	5.7	-0.6	0
2015	10	2	0	0	0	7.3	-0.3	1
2015	10	3	0	0	0	7.4	-0.7	3.29
2015	10	4	0	0	0	7.5	-0.3	0
2015	10	5	0	0	0	7.3	1.8	1.77
2015	10	6	0	0	0	9.7	0.8	0.75
2015	10	7	0	0	0	7.6	1.4	0
2015	10	8	0	0	0	9.5	0.8	4.38
2015	10	9	0	0	0	9.4	-0.2	4.38
2015	10	10	0	0	0	9	1.6	4.38
2015	10	11	0	0	0	9.2	0.3	0.5
2015	10	12	0	0	0	10.1	-1	4.38
2015	10	13	0	0	0	10.4	1.7	0
2015	10	14	0	0	0	9.8	2	0
2015	10	15	0	0	0	7.6	-0.4	0
2015	10	16	0	0	0	6.6	0.4	4.38
2015	10	17	0	0	0	3.1	0.177	4.38
2015	10	18	0	0	0	2	-1.5	4.38
2015	10	19	0	0	0	6.3	0.177	0
2015	10	20	0	0	0	8.4	1.3	5.81
2015	10	21	0	0	0	7.3	0.177	4.38
2015	10	22	0	0	0	6.6	0.2	6.07
2015	10	23	0	0	0	5.6	-0.2	4.38
2015	10	24	0	0	0	7.3	-1	4.38
2015	10	25	0	0	0	5.3	0.177	4.38
2015	10	26	0	0	0	7	0.177	4.38
2015	10	27	0	0	0	4.9	0.177	20.03
2015	10	28	0	0	0	6.8	0.177	4.38
2015	10	29	0	0	0	7.1	0.177	4.38
2015	10	30	0	0	0	7.8	0.6	4.38
2015	10	31	0	0	0	7.8	0.8	4.38
2015	11	1	0	0	0	10.1	0.177	0
2015	11	2	0	0	0	9.6	-0.6	0
2015	11	3	0	0	0	9.5	0.177	2.97
2015	11	4	0	0	0	9.8	0.9	0
2015	11	5	0	0	0	8.7	0.9	2.97
2015	11	6	0	0	0	6	0.1	1.25
2015	11	7	0	0	0	7.8	1.3	0.75
2015	11	8	0	0	0	7.2	0.4	9.11
2015	11	9	0	0	0	5.6	0.177	15.19
2015	11	10	0	0	0	7.8	0.7	2.97
2015	11	11	0	0	0	7.7	1	7.36
2015	11	12	0	0	0	5	1.2	1.51
2015	11	13	0	0	0	6.3	0.9	3.03
2015	11	14	0	0	0	5.6	0.177	2.97
2015	11	15	0	0	0	8.1	0.8	2.97
2015	11	16	0	0	0	6.4	0.177	2.97
2015	11	17	0	0	0	8.7	0.177	2.97
2015	11	18	0	0	0	10.4	2.8	2.97
2015	11	19	0	0	0	10.5	3.5	2.97
2015	11	20	0	0	0	9.9	2.1	0
2015	11	21	0	0	0	8.3	1.7	0
2015	11	22	0	0	0	6.8	0.5	5.56
2015	11	23	0	0	0	7	1.1	2.97
2015	11	24	0	0	0	8.9	1.2	2.97
2015	11	25	0	0	0	6.7	1.7	4.06
2015	11	26	0	0	0	9.5	0.177	2.97
2015	11	27	0	0	0	8	1.5	2.97
2015	11	28	0	0	0	8.4	1.4	0
2015	11	29	0	0	0	8.3	2.3	2.97
2015	11	30	0	0	0	7.8	1.4	2.97
2015	12	1	0	0	0	6.6	0.4	7.17
2015	12	2	0	0	0	6.8	1.2	7.17
2015	12	3	0	0	0	6.9	0.1	7.17
2015	12	4	0	0	0	8.7	0.3	7.17
2015	12	5	0	0	0	7.7	0.177	2.53
2015	12	6	0	0	0	8.6	0.9	0.5
2015	12	7	0	0	0	9	1.1	2.79
2015	12	8	0	0	0	5.9	0.7	7.17
2015	12	9	0	0	0	7.2	0.4	7.17
2015	12	10	0	0	0	7	1.6	7.17
2015	12	11	0	0	0	8	1.2	7.17
2015	12	12	0	0	0	10	0.6	7.17
2015	12	13	0	0	0	10.3	1.2	7.17
2015	12	14	0	0	0	9.7	2.4	3.03
2015	12	15	0	0	0	7	1.2	0
2015	12	16	0	0	0	7.2	0.177	0.5
2015	12	17	0	0	0	7.7	1.6	1.27
2015	12	18	0	0	0	6.6	0.4	20.51
2015	12	19	0	0	0	6.4	0.3	10.86
2015	12	20	0	0	0	6.1	1.7	3.52
2015	12	21	0	0	0	7.3	1.7	2
2015	12	22	0	0	0	4.1	0.5	9.09
2015	12	23	0	0	0	5.9	0.177	8.1
2015	12	24	0	0	0	4.6	0.177	7.17
2015	12	25	0	0	0	5.4	1.7	11.86
2015	12	26	0	0	0	5	1.8	9.36
2015	12	27	0	0	0	6	1.4	5.53
2015	12	28	0	0	0	7.027	0.3	7.17
2015	12	29	0	0	0	8.2	1.3	3.78
2015	12	30	0	0	0	8.7	1.5	1.26
2015	12	31	0	0	0	8.3	0.8	0.75
2016	1	1	0	0	0	8.1	0.177	6.79
2016	1	2	0	0	0	7.6	0.177	6.79
2016	1	3	0	0	0	8.8	0.5	6.85
2016	1	4	0	0	0	8.1	1.2	4.81
2016	1	5	0	0	0	7.5	1	6.79
2016	1	6	0	0	0	8.1	0.9	1.75
2016	1	7	0	0	0	8.1	1.5	3.51
2016	1	8	0	0	0	9.2	0.7	9.37
2016	1	9	0	0	0	10.9	0.9	0
2016	1	10	0	0	0	9.7	1.7	1.26
2016	1	11	0	0	0	7	1.9	4.3
2016	1	12	0	0	0	8.9	0.6	7.31
2016	1	13	0	0	0	11.2	2	1.25
2016	1	14	0	0	0	12.2	3	0.25
2016	1	15	0	0	0	10.2	2.1	0.5
2016	1	16	0	0	0	9.7	2.4	1
2016	1	17	0	0	0	7.5	2.4	5.05
2016	1	18	0	0	0	8.7	2.7	3.04
2016	1	19	0	0	0	8.4	1.1	12.15
2016	1	20	0	0	0	7	2.4	2.77
2016	1	21	0	0	0	6.8	2.3	3.52
2016	1	22	0	0	0	6.4	0.9	0.25
2016	1	23	0	0	0	8.6	0.3	0
2016	1	24	0	0	0	9	0.7	1.75
2016	1	25	0	0	0	9.3	3.8	0
2016	1	26	0	0	0	7.1	0.5	17.49
2016	1	27	0	0	0	8.8	2.9	2.27
2016	1	28	0	0	0	7.5	3	2.76
2016	1	29	0	0	0	8.2	0.8	11.39
2016	1	30	0	0	0	8.2	3	0.25
2016	1	31	0	0	0	9	2.7	0
2016	2	1	0	0	0	5.1	1.6	7.05
2016	2	2	0	0	0	7.5	1	11.65
2016	2	3	0	0	0	5.9	1.6	7.8
2016	2	4	0	0	0	7.4	1.2	1
2016	2	5	0	0	0	9	1.9	6.6
2016	2	6	0	0	0	8	1.4	5.81
2016	2	7	0	0	0	7.4	2.6	7.08
2016	2	8	0	0	0	6.4	2.3	7.57
2016	2	9	0	0	0	6.7	2.3	4.03
2016	2	10	0	0	0	5.9	0.177	5.43
2016	2	11	0	0	0	6.9	1.4	11.39
2016	2	12	0	0	0	8	1.1	3.79
2016	2	13	0	0	0	7.2	1.1	4.29
2016	2	14	0	0	0	8.6	0.6	0.25
2016	2	15	0	0	0	6.6	1.9	0.5
2016	2	16	0	0	0	7.2	1.5	1.76
2016	2	17	0	0	0	6.6	2.2	6.07
2016	2	18	0	0	0	6.9	2.3	6.31
2016	2	19	0	0	0	8.9	0.177	5.43
2016	2	20	0	0	0	8.1	0.8	17.99
2016	2	21	0	0	0	9.3	0.7	11.89
2016	2	22	0	0	0	8.6	2.9	1
2016	2	23	0	0	0	7.3	1.7	9.34
2016	2	24	0	0	0	8.9	2.1	6.06
2016	2	25	0	0	0	8	2.3	11.62
2016	2	26	0	0	0	8.8	2.6	12.13
2016	2	27	0	0	0	9.3	2.5	11.65
2016	2	28	0	0	0	7.1	2.7	10.62
2016	2	29	0	0	0	9.4	1.9	6.58
2016	3	1	0	0	0	6.9	0.4	16.73
2016	3	2	0	0	0	8.5	1.4	6.47
2016	3	3	0	0	0	7.5	2.7	1.26
2016	3	4	0	0	0	9.5	1.6	0
2016	3	5	0	0	0	7.9	2.7	0.5
2016	3	6	0	0	0	7.9	2.6	1.26
2016	3	7	0	0	0	5.1	1.2	10.87
2016	3	8	0	0	0	8.3	0.9	2.28
2016	3	9	0	0	0	8.8	0.4	10.14
2016	3	10	0	0	0	6.7	0.8	15.17
2016	3	11	0	0	0	8.3	2.2	2.78
2016	3	12	0	0	0	8	0.177	6.47
2016	3	13	0	0	0	7.4	1.2	2.27
2016	3	14	0	0	0	8.3	1.1	4.8
2016	3	15	0	0	0	6.4	1.5	2.5
2016	3	16	0	0	0	4.4	-0.8	0.5
2016	3	17	0	0	0	8.2	0.8	0
2016	3	18	0	0	0	8.6	-1.2	0.5
2016	3	19	0	0	0	6.7	1.7	0
2016	3	20	0	0	0	6.4	1.6	4.55
2016	3	21	0	0	0	7	2	7.08
2016	3	22	0	0	0	9.1	2.3	0
2016	3	23	0	0	0	8.1	1.5	7.83
2016	3	24	0	0	0	10.8	2.8	0
2016	3	25	0	0	0	12	3.1	0
2016	3	26	0	0	0	8.9	3	1.01
2016	3	27	0	0	0	8.9	3.4	0
2016	3	28	0	0	0	10	2	0
2016	3	29	0	0	0	9.3	2.2	0
2016	3	30	0	0	0	7.6	1	0.75
2016	3	31	0	0	0	6.2	0.5	0.5
2016	4	1	0	0	0	7.7	0.177	0.25
2016	4	2	0	0	0	8.2	0.8	0.75
2016	4	3	0	0	0	8.3	1.3	4.81
2016	4	4	0	0	0	7.1	0.8	3.53
2016	4	5	0	0	0	7	1.5	0.75
2016	4	6	0	0	0	7.7	0.1	0.5
2016	4	7	0	0	0	6.6	-0.3	0.75
2016	4	8	0	0	0	8.4	1	1.77
2016	4	9	0	0	0	7.3	0.3	8.6
2016	4	10	0	0	0	7	0.2	7.32
2016	4	11	0	0	0	8.5	1.9	4.3
2016	4	12	0	0	0	8.6	1.9	0
2016	4	13	0	0	0	8.7	0.8	0
2016	4	14	0	0	0	8.1	1	0.25
2016	4	15	0	0	0	7.2	1.1	3.54
2016	4	16	0	0	0	5.2	1.9	5.55
2016	4	17	0	0	0	6.9	2	5.04
2016	4	18	0	0	0	6.3	1.5	0.25
2016	4	19	0	0	0	7	0.177	3.54
2016	4	20	0	0	0	7.2	0.5	3.03
2016	4	21	0	0	0	6.9	-0.2	9.37
2016	4	22	0	0	0	8.1	1.1	4.05
2016	4	23	0	0	0	8.1	0.4	7.08
2016	4	24	0	0	0	10.4	2	0
2016	4	25	0	0	0	9.7	2.3	0
2016	4	26	0	0	0	10.5	3.2	0
2016	4	27	0	0	0	9.8	2.2	0
2016	4	28	0	0	0	10.2	2.6	0
2016	4	29	0	0	0	11	2.2	0
2016	4	30	0	0	0	9.8	2.8	0
2016	5	1	0	0	0	10	2.6	0
2016	5	2	0	0	0	7.7	1.6	0
2016	5	3	0	0	0	7.4	-0.6	0
2016	5	4	0	0	0	8.1	-1.7	0
2016	5	5	0	0	0	7.9	0.4	0
2016	5	6	0	0	0	9.8	1	0
2016	5	7	0	0	0	8.7	0.6	0
2016	5	8	0	0	0	7.7	0.5	4.7
2016	5	9	0	0	0	8.4	0.5	0.5
2016	5	10	0	0	0	7.8	0.8	0
2016	5	11	0	0	0	8.7	1.1	0
2016	5	12	0	0	0	6.3	1	0
2016	5	13	0	0	0	7.2	-0.1	0
2016	5	14	0	0	0	7.4	0.5	3
2016	5	15	0	0	0	7.4	0.9	0
2016	5	16	0	0	0	7.1	-1.6	0.3
2016	5	17	0	0	0	8.5	1.5	0.6
2016	5	18	0	0	0	9.6	2	0
2016	5	19	0	0	0	7.7	1.1	0
2016	5	20	0	0	0	7.7	1.6	5.8
2016	5	21	0	0	0	8.1	0.8	1.3
2016	5	22	0	0	0	7.9	1	0.3
2016	5	23	0	0	0	5.3	0.4	4
2016	5	24	0	0	0	6.1	1.2	0.3
2016	5	25	0	0	0	7.7	1.4	0.8
2016	5	26	0	0	0	8.4	1	0
2016	5	27	0	0	0	7	0.177	0
2016	5	28	0	0	0	8.7	0.5	0
2016	5	29	0	0	0	9.2	0.1	0
2016	5	30	0	0	0	10.1	2.2	0
2016	5	31	0	0	0	8.5	1.9	0
2016	6	1	0	0	0	10.4	0.6	0
2016	6	2	0	0	0	8	1.2	0
2016	6	3	0	0	0	8.3	1.1	0
2016	6	4	0	0	0	7.5	0.8	0
2016	6	5	0	0	0	8.1	2.3	0.3
2016	6	6	0	0	0	6.6	0.9	1.3
2016	6	7	0	0	0	6.1	1.5	0.3
2016	6	8	0	0	0	5.4	0.5	3.8
2016	6	9	0	0	0	5.1	0.4	4.6
2016	6	10	0	0	0	6.6	0.9	0.5
2016	6	11	0	0	0	6.4	-1.6	0.3
2016	6	12	0	0	0	6	-0.4	0
2016	6	13	0	0	0	8.4	-0.9	0
2016	6	14	0	0	0	8.5	1.3	0
2016	6	15	0	0	0	7.1	-0.2	0
2016	6	16	0	0	0	7.7	-0.6	0
2016	6	17	0	0	0	7.7	-1.6	0
2016	6	18	0	0	0	7	-0.1	0
2016	6	19	0	0	0	6.3	0.4	0
2016	6	20	0	0	0	6.4	-0.9	0
2016	6	21	0	0	0	6.9	0.3	0
2016	6	22	0	0	0	6.1	-0.4	0
2016	6	23	0	0	0	8.6	-0.1	0
2016	6	24	0	0	0	7.3	1.1	0
2016	6	25	0	0	0	7	-0.3	0
2016	6	26	0	0	0	6.9	-2	0
2016	6	27	0	0	0	5.7	-1.1	0.5
2016	6	28	0	0	0	5.3	-0.9	2.4
2016	6	29	0	0	0	6.2	-0.9	0
2016	6	30	0	0	0	7.9	-0.7	0
2016	7	1	0	0	0	7.5	-0.2	0
2016	7	2	0	0	0	6.1	-1	0
2016	7	3	0	0	0	6.9	-1.5	0
2016	7	4	0	0	0	7	-0.8	0
2016	7	5	0	0	0	6.5	-0.4	0
2016	7	6	0	0	0	4.8	-0.5	0.3
2016	7	7	0	0	0	3.9	-0.6	2.4
2016	7	8	0	0	0	5.8	-0.1	0
2016	7	9	0	0	0	6.5	-2.2	1
2016	7	10	0	0	0	7.3	-1.3	0.3
2016	7	11	0	0	0	7.3	0.177	0
2016	7	12	0	0	0	7.7	0.7	0
2016	7	13	0	0	0	7.7	0.177	0
2016	7	14	0	0	0	6.9	0.3	0
2016	7	15	0	0	0	8	0.177	0
2016	7	16	0	0	0	7.5	-0.4	0
2016	7	17	0	0	0	6.6	-2.8	0.3
2016	7	18	0	0	0	8.8	-0.1	0
2016	7	19	0	0	0	8	-1.2	0
2016	7	20	0	0	0	6.6	-1.5	0
2016	7	21	0	0	0	7.3	-2.1	0
2016	7	22	0	0	0	6.8	-1.6	0
2016	7	23	0	0	0	6.9	-0.5	0
2016	7	24	0	0	0	8.5	-0.2	0
2016	7	25	0	0	0	10.7	0.177	0
2016	7	26	0	0	0	8.7	0.1	0
2016	7	27	0	0	0	7.5	-4.2	0
2016	7	28	0	0	0	9.2	-2.5	0
2016	7	29	0	0	0	9	-2.1	0
2016	7	30	0	0	0	7.7	-1.6	0
2016	7	31	0	0	0	7.2	-1.3	0
2016	8	1	0	0	0	6.1	-1.5	0
2016	8	2	0	0	0	4.2	-2.5	0
2016	8	3	0	0	0	7.5	-1.2	0
2016	8	4	0	0	0	7.3	-2.9	0
2016	8	5	0	0	0	8.5	-1.6	0
2016	8	6	0	0	0	7.6	-2.3	0
2016	8	7	0	0	0	7.4	-0.2	0
2016	8	8	0	0	0	7.1	-2	0
2016	8	9	0	0	0	7.8	-0.8	0
2016	8	10	0	0	0	9.2	-1.2	0
2016	8	11	0	0	0	8	-0.4	0.3
2016	8	12	0	0	0	8	-3.6	1.4
2016	8	13	0	0	0	5.4	-1.4	2.3
2016	8	14	0	0	0	6.4	-0.5	0.6
2016	8	15	0	0	0	7.6	-0.5	8.9
2016	8	16	0	0	0	6.2	-0.5	0
2016	8	17	0	0	0	7.6	0.177	0.5
2016	8	18	0	0	0	7	-1	0
2016	8	19	0	0	0	5.5	-0.7	2.4
2016	8	20	0	0	0	5.8	-1.7	0.3
2016	8	21	0	0	0	5.5	-0.9	1.1
2016	8	22	0	0	0	5.8	-1.8	0.8
2016	8	23	0	0	0	6.1	-1.3	0
2016	8	24	0	0	0	7	-0.6	0
2016	8	25	0	0	0	9.2	-3.4	0
2016	8	26	0	0	0	6.7	-1.7	0
2016	8	27	0	0	0	8.4	0.177	0
2016	8	28	0	0	0	8.4	-0.3	0
2016	8	29	0	0	0	8.7	-1	0
2016	8	30	0	0	0	7.6	-0.4	0
2016	8	31	0	0	0	9.8	-0.3	0.3
2016	9	1	0	0	0	6.7	-0.8	5.2
2016	9	2	0	0	0	9.2	-0.8	0
2016	9	3	0	0	0	7.9	-1.8	0
2016	9	4	0	0	0	8.9	-1.1	0
2016	9	5	0	0	0	10.6	0.7	0
2016	9	6	0	0	0	9.2	-1.3	0
2016	9	7	0	0	0	6.2	-1.2	0
2016	9	8	0	0	0	7.8	0.2	0.8
2016	9	9	0	0	0	9.1	-0.2	0.3
2016	9	10	0	0	0	5.8	-1.3	0
2016	9	11	0	0	0	7.3	-2.4	0
2016	9	12	0	0	0	10.7	0.7	0
2016	9	13	0	0	0	11.2	1	0
2016	9	14	0	0	0	9.3	0.1	0
2016	9	15	0	0	0	4	-0.7	5.5
2016	9	16	0	0	0	6.3	-0.5	0
2016	9	17	0	0	0	6.7	-1.6	0
2016	9	18	0	0	0	6.2	-1.9	0
2016	9	19	0	0	0	4.5	-1.6	0.3
2016	9	20	0	0	0	6.6	-2	0
2016	9	21	0	0	0	5.5	-0.9	7.1
2016	9	22	0	0	0	5.4	-1.5	0
2016	9	23	0	0	0	6.1	-0.2	1.5
2016	9	24	0	0	0	6.3	-0.7	1
2016	9	25	0	0	0	6.2	-1.5	17.6
2016	9	26	0	0	0	6.8	-1.3	1.4
2016	9	27	0	0	0	4.8	-0.2	6.2
2016	9	28	0	0	0	5.5	-0.6	1.1
2016	9	29	0	0	0	7.3	0.177	1.82